(
(4.237816e-01 9.971977E-03 2.233445e-02)
(4.073113e-01 8.497594E-03 4.204589e-02)
(3.972325e-01 1.156047E-02 6.197398e-02)
(3.901800e-01 1.311972E-02 7.762942e-02)
(3.847308e-01 1.500937E-02 8.862256e-02)
(3.832064e-01 1.802280E-02 9.646627e-02)
(3.863862e-01 2.214814E-02 1.030192e-01)
(3.906630e-01 2.694113E-02 1.102673e-01)
(3.934989e-01 3.256880E-02 1.188244e-01)
(3.923360e-01 3.863312E-02 1.293676e-01)
(3.889558e-01 4.526398E-02 1.393054e-01)
(3.858982e-01 5.212116E-02 1.452882e-01)
(3.845482e-01 5.898247E-02 1.488490e-01)
(3.847584e-01 6.609472E-02 1.526071e-01)
(3.933940e-01 7.429257E-02 1.610174e-01)
(4.002667e-01 8.285693E-02 1.703157e-01)
(4.018677e-01 9.347541E-02 1.784288e-01)
(4.087217e-01 1.058186E-01 1.850751e-01)
(4.169321e-01 1.187391E-01 1.883075e-01)
(4.304486e-01 1.327060E-01 1.901946e-01)
(4.349665e-01 1.379334E-01 2.038465e-01)
(4.338932e-01 1.568387E-01 2.152282e-01)
(4.197822e-01 1.766401E-01 2.316183e-01)
(3.968405e-01 1.917759E-01 2.381353e-01)
(3.731357e-01 2.008234E-01 2.241022e-01)
(3.731357e-01 2.008234E-01 2.241022e-01)
(3.968405e-01 1.917759E-01 2.381353e-01)
(4.197822e-01 1.766401E-01 2.316183e-01)
(4.338932e-01 1.568387E-01 2.152282e-01)
(4.349665e-01 1.379334E-01 2.038465e-01)
(4.304486e-01 1.327060E-01 1.901946e-01)
(4.169321e-01 1.187391E-01 1.883075e-01)
(4.087217e-01 1.058186E-01 1.850751e-01)
(4.018677e-01 9.347541E-02 1.784288e-01)
(4.002667e-01 8.285693E-02 1.703157e-01)
(3.933940e-01 7.429257E-02 1.610174e-01)
(3.847584e-01 6.609472E-02 1.526071e-01)
(3.845482e-01 5.898247E-02 1.488490e-01)
(3.858982e-01 5.212116E-02 1.452882e-01)
(3.889558e-01 4.526398E-02 1.393054e-01)
(3.923360e-01 3.863312E-02 1.293676e-01)
(3.934989e-01 3.256880E-02 1.188244e-01)
(3.906630e-01 2.694113E-02 1.102673e-01)
(3.863862e-01 2.214814E-02 1.030192e-01)
(3.832064e-01 1.802280E-02 9.646627e-02)
(3.847308e-01 1.500937E-02 8.862256e-02)
(3.901800e-01 1.311972E-02 7.762942e-02)
(3.972325e-01 1.156047E-02 6.197398e-02)
(4.073113e-01 8.497594E-03 4.204589e-02)
(4.237816e-01 9.971977E-03 2.233445e-02)
(4.237816e-01 9.971977E-03 2.233445e-02)
(4.073113e-01 8.497594E-03 4.204589e-02)
(3.972325e-01 1.156047E-02 6.197398e-02)
(3.901800e-01 1.311972E-02 7.762942e-02)
(3.847308e-01 1.500937E-02 8.862256e-02)
(3.832064e-01 1.802280E-02 9.646627e-02)
(3.863862e-01 2.214814E-02 1.030192e-01)
(3.906630e-01 2.694113E-02 1.102673e-01)
(3.934989e-01 3.256880E-02 1.188244e-01)
(3.923360e-01 3.863312E-02 1.293676e-01)
(3.889558e-01 4.526398E-02 1.393054e-01)
(3.858982e-01 5.212116E-02 1.452882e-01)
(3.845482e-01 5.898247E-02 1.488490e-01)
(3.847584e-01 6.609472E-02 1.526071e-01)
(3.933940e-01 7.429257E-02 1.610174e-01)
(4.002667e-01 8.285693E-02 1.703157e-01)
(4.018677e-01 9.347541E-02 1.784288e-01)
(4.087217e-01 1.058186E-01 1.850751e-01)
(4.169321e-01 1.187391E-01 1.883075e-01)
(4.304486e-01 1.327060E-01 1.901946e-01)
(4.349665e-01 1.379334E-01 2.038465e-01)
(4.338932e-01 1.568387E-01 2.152282e-01)
(4.197822e-01 1.766401E-01 2.316183e-01)
(3.968405e-01 1.917759E-01 2.381353e-01)
(3.731357e-01 2.008234E-01 2.241022e-01)
(3.731357e-01 2.008234E-01 2.241022e-01)
(3.968405e-01 1.917759E-01 2.381353e-01)
(4.197822e-01 1.766401E-01 2.316183e-01)
(4.338932e-01 1.568387E-01 2.152282e-01)
(4.349665e-01 1.379334E-01 2.038465e-01)
(4.304486e-01 1.327060E-01 1.901946e-01)
(4.169321e-01 1.187391E-01 1.883075e-01)
(4.087217e-01 1.058186E-01 1.850751e-01)
(4.018677e-01 9.347541E-02 1.784288e-01)
(4.002667e-01 8.285693E-02 1.703157e-01)
(3.933940e-01 7.429257E-02 1.610174e-01)
(3.847584e-01 6.609472E-02 1.526071e-01)
(3.845482e-01 5.898247E-02 1.488490e-01)
(3.858982e-01 5.212116E-02 1.452882e-01)
(3.889558e-01 4.526398E-02 1.393054e-01)
(3.923360e-01 3.863312E-02 1.293676e-01)
(3.934989e-01 3.256880E-02 1.188244e-01)
(3.906630e-01 2.694113E-02 1.102673e-01)
(3.863862e-01 2.214814E-02 1.030192e-01)
(3.832064e-01 1.802280E-02 9.646627e-02)
(3.847308e-01 1.500937E-02 8.862256e-02)
(3.901800e-01 1.311972E-02 7.762942e-02)
(3.972325e-01 1.156047E-02 6.197398e-02)
(4.073113e-01 8.497594E-03 4.204589e-02)
(4.237816e-01 9.971977E-03 2.233445e-02)
)
