(
1.327450e-02
3.984420e-02
6.316700e-02
8.012140e-02
9.160510e-02
9.954360e-02
1.053280e-01
1.097980e-01
1.134410e-01
1.165620e-01
1.193700e-01
1.219960e-01
1.245230e-01
1.269910e-01
1.294350e-01
1.319280e-01
1.344340e-01
1.370070e-01
1.395970e-01
1.421780e-01
1.447960e-01
1.472760e-01
1.495340e-01
1.515930e-01
1.528580e-01
1.528580e-01
1.515930e-01
1.495340e-01
1.472760e-01
1.447960e-01
1.421780e-01
1.395970e-01
1.370070e-01
1.344340e-01
1.319280e-01
1.294350e-01
1.269910e-01
1.245230e-01
1.219960e-01
1.193700e-01
1.165620e-01
1.134410e-01
1.097980e-01
1.053280e-01
9.954360e-02
9.160510e-02
8.012140e-02
6.316700e-02
3.984420e-02
1.327450e-02
1.327450e-02
3.984420e-02
6.316700e-02
8.012140e-02
9.160510e-02
9.954360e-02
1.053280e-01
1.097980e-01
1.134410e-01
1.165620e-01
1.193700e-01
1.219960e-01
1.245230e-01
1.269910e-01
1.294350e-01
1.319280e-01
1.344340e-01
1.370070e-01
1.395970e-01
1.421780e-01
1.447960e-01
1.472760e-01
1.495340e-01
1.515930e-01
1.528580e-01
1.528580e-01
1.515930e-01
1.495340e-01
1.472760e-01
1.447960e-01
1.421780e-01
1.395970e-01
1.370070e-01
1.344340e-01
1.319280e-01
1.294350e-01
1.269910e-01
1.245230e-01
1.219960e-01
1.193700e-01
1.165620e-01
1.134410e-01
1.097980e-01
1.053280e-01
9.954360e-02
9.160510e-02
8.012140e-02
6.316700e-02
3.984420e-02
1.327450e-02
)