(
(0.0000E+00 0.0000E+00 0.0000E+00 0.0000E+00 0.0000E+00 0.0000E+00 0.0000E+00 0.0000E+00 0.0000E+00)
(1.5557E+01 1.5557E+01 1.5557E+01 1.1668E+01 1.1668E+01 1.1668E+01 7.7786E+00 7.7786E+00 7.7786E+00)
(1.6106E+01 1.6106E+01 1.6106E+01 1.2079E+01 1.2079E+01 1.2079E+01 8.0530E+00 8.0530E+00 8.0530E+00)
(1.6436E+01 1.6436E+01 1.6436E+01 1.2327E+01 1.2327E+01 1.2327E+01 8.2179E+00 8.2179E+00 8.2179E+00)
(1.6674E+01 1.6674E+01 1.6674E+01 1.2505E+01 1.2505E+01 1.2505E+01 8.3369E+00 8.3369E+00 8.3369E+00)
(1.6861E+01 1.6861E+01 1.6861E+01 1.2646E+01 1.2646E+01 1.2646E+01 8.4305E+00 8.4305E+00 8.4305E+00)
(1.7015E+01 1.7015E+01 1.7015E+01 1.2762E+01 1.2762E+01 1.2762E+01 8.5077E+00 8.5077E+00 8.5077E+00)
(1.7147E+01 1.7147E+01 1.7147E+01 1.2860E+01 1.2860E+01 1.2860E+01 8.5735E+00 8.5735E+00 8.5735E+00)
(1.7262E+01 1.7262E+01 1.7262E+01 1.2946E+01 1.2946E+01 1.2946E+01 8.6309E+00 8.6309E+00 8.6309E+00)
(1.7364E+01 1.7364E+01 1.7364E+01 1.3023E+01 1.3023E+01 1.3023E+01 8.6819E+00 8.6819E+00 8.6819E+00)
(1.7456E+01 1.7456E+01 1.7456E+01 1.3092E+01 1.3092E+01 1.3092E+01 8.7278E+00 8.7278E+00 8.7278E+00)
(1.7539E+01 1.7539E+01 1.7539E+01 1.3154E+01 1.3154E+01 1.3154E+01 8.7695E+00 8.7695E+00 8.7695E+00)
(1.7615E+01 1.7615E+01 1.7615E+01 1.3212E+01 1.3212E+01 1.3212E+01 8.8077E+00 8.8077E+00 8.8077E+00)
(1.7686E+01 1.7686E+01 1.7686E+01 1.3265E+01 1.3265E+01 1.3265E+01 8.8430E+00 8.8430E+00 8.8430E+00)
(1.7752E+01 1.7752E+01 1.7752E+01 1.3314E+01 1.3314E+01 1.3314E+01 8.8759E+00 8.8759E+00 8.8759E+00)
(1.7813E+01 1.7813E+01 1.7813E+01 1.3360E+01 1.3360E+01 1.3360E+01 8.9065E+00 8.9065E+00 8.9065E+00)
(1.7871E+01 1.7871E+01 1.7871E+01 1.3403E+01 1.3403E+01 1.3403E+01 8.9353E+00 8.9353E+00 8.9353E+00)
(1.7925E+01 1.7925E+01 1.7925E+01 1.3444E+01 1.3444E+01 1.3444E+01 8.9624E+00 8.9624E+00 8.9624E+00)
(1.7976E+01 1.7976E+01 1.7976E+01 1.3482E+01 1.3482E+01 1.3482E+01 8.9881E+00 8.9881E+00 8.9881E+00)
(1.8025E+01 1.8025E+01 1.8025E+01 1.3519E+01 1.3519E+01 1.3519E+01 9.0124E+00 9.0124E+00 9.0124E+00)
(1.8071E+01 1.8071E+01 1.8071E+01 1.3553E+01 1.3553E+01 1.3553E+01 9.0356E+00 9.0356E+00 9.0356E+00)
(1.8115E+01 1.8115E+01 1.8115E+01 1.3586E+01 1.3586E+01 1.3586E+01 9.0576E+00 9.0576E+00 9.0576E+00)
(1.8157E+01 1.8157E+01 1.8157E+01 1.3618E+01 1.3618E+01 1.3618E+01 9.0787E+00 9.0787E+00 9.0787E+00)
(1.8198E+01 1.8198E+01 1.8198E+01 1.3648E+01 1.3648E+01 1.3648E+01 9.0989E+00 9.0989E+00 9.0989E+00)
(1.8237E+01 1.8237E+01 1.8237E+01 1.3677E+01 1.3677E+01 1.3677E+01 9.1183E+00 9.1183E+00 9.1183E+00)
(1.8274E+01 1.8274E+01 1.8274E+01 1.3705E+01 1.3705E+01 1.3705E+01 9.1369E+00 9.1369E+00 9.1369E+00)
(1.8310E+01 1.8310E+01 1.8310E+01 1.3732E+01 1.3732E+01 1.3732E+01 9.1549E+00 9.1549E+00 9.1549E+00)
(1.8344E+01 1.8344E+01 1.8344E+01 1.3758E+01 1.3758E+01 1.3758E+01 9.1722E+00 9.1722E+00 9.1722E+00)
(1.8378E+01 1.8378E+01 1.8378E+01 1.3783E+01 1.3783E+01 1.3783E+01 9.1889E+00 9.1889E+00 9.1889E+00)
(1.8410E+01 1.8410E+01 1.8410E+01 1.3807E+01 1.3807E+01 1.3807E+01 9.2050E+00 9.2050E+00 9.2050E+00)
(1.8441E+01 1.8441E+01 1.8441E+01 1.3831E+01 1.3831E+01 1.3831E+01 9.2206E+00 9.2206E+00 9.2206E+00)
(1.8471E+01 1.8471E+01 1.8471E+01 1.3854E+01 1.3854E+01 1.3854E+01 9.2357E+00 9.2357E+00 9.2357E+00)
(1.8501E+01 1.8501E+01 1.8501E+01 1.3876E+01 1.3876E+01 1.3876E+01 9.2504E+00 9.2504E+00 9.2504E+00)
(1.8529E+01 1.8529E+01 1.8529E+01 1.3897E+01 1.3897E+01 1.3897E+01 9.2647E+00 9.2647E+00 9.2647E+00)
(1.8557E+01 1.8557E+01 1.8557E+01 1.3918E+01 1.3918E+01 1.3918E+01 9.2785E+00 9.2785E+00 9.2785E+00)
(1.8584E+01 1.8584E+01 1.8584E+01 1.3938E+01 1.3938E+01 1.3938E+01 9.2920E+00 9.2920E+00 9.2920E+00)
(1.8610E+01 1.8610E+01 1.8610E+01 1.3958E+01 1.3958E+01 1.3958E+01 9.3051E+00 9.3051E+00 9.3051E+00)
(1.8636E+01 1.8636E+01 1.8636E+01 1.3977E+01 1.3977E+01 1.3977E+01 9.3178E+00 9.3178E+00 9.3178E+00)
(1.8660E+01 1.8660E+01 1.8660E+01 1.3995E+01 1.3995E+01 1.3995E+01 9.3302E+00 9.3302E+00 9.3302E+00)
(1.8685E+01 1.8685E+01 1.8685E+01 1.4014E+01 1.4014E+01 1.4014E+01 9.3424E+00 9.3424E+00 9.3424E+00)
(1.8708E+01 1.8708E+01 1.8708E+01 1.4031E+01 1.4031E+01 1.4031E+01 9.3542E+00 9.3542E+00 9.3542E+00)
(1.8732E+01 1.8732E+01 1.8732E+01 1.4049E+01 1.4049E+01 1.4049E+01 9.3658E+00 9.3658E+00 9.3658E+00)
(1.8754E+01 1.8754E+01 1.8754E+01 1.4066E+01 1.4066E+01 1.4066E+01 9.3770E+00 9.3770E+00 9.3770E+00)
(1.8776E+01 1.8776E+01 1.8776E+01 1.4082E+01 1.4082E+01 1.4082E+01 9.3881E+00 9.3881E+00 9.3881E+00)
(1.8798E+01 1.8798E+01 1.8798E+01 1.4098E+01 1.4098E+01 1.4098E+01 9.3989E+00 9.3989E+00 9.3989E+00)
(1.8819E+01 1.8819E+01 1.8819E+01 1.4114E+01 1.4114E+01 1.4114E+01 9.4095E+00 9.4095E+00 9.4095E+00)
(1.8840E+01 1.8840E+01 1.8840E+01 1.4130E+01 1.4130E+01 1.4130E+01 9.4198E+00 9.4198E+00 9.4198E+00)
(1.8860E+01 1.8860E+01 1.8860E+01 1.4145E+01 1.4145E+01 1.4145E+01 9.4299E+00 9.4299E+00 9.4299E+00)
(1.8880E+01 1.8880E+01 1.8880E+01 1.4160E+01 1.4160E+01 1.4160E+01 9.4399E+00 9.4399E+00 9.4399E+00)
(1.8899E+01 1.8899E+01 1.8899E+01 1.4174E+01 1.4174E+01 1.4174E+01 9.4496E+00 9.4496E+00 9.4496E+00)
(1.8918E+01 1.8918E+01 1.8918E+01 1.4189E+01 1.4189E+01 1.4189E+01 9.4592E+00 9.4592E+00 9.4592E+00)
(1.8937E+01 1.8937E+01 1.8937E+01 1.4203E+01 1.4203E+01 1.4203E+01 9.4685E+00 9.4685E+00 9.4685E+00)
(1.8955E+01 1.8955E+01 1.8955E+01 1.4217E+01 1.4217E+01 1.4217E+01 9.4777E+00 9.4777E+00 9.4777E+00)
(1.8973E+01 1.8973E+01 1.8973E+01 1.4230E+01 1.4230E+01 1.4230E+01 9.4867E+00 9.4867E+00 9.4867E+00)
(1.8991E+01 1.8991E+01 1.8991E+01 1.4243E+01 1.4243E+01 1.4243E+01 9.4956E+00 9.4956E+00 9.4956E+00)
(1.9009E+01 1.9009E+01 1.9009E+01 1.4257E+01 1.4257E+01 1.4257E+01 9.5043E+00 9.5043E+00 9.5043E+00)
(1.9026E+01 1.9026E+01 1.9026E+01 1.4269E+01 1.4269E+01 1.4269E+01 9.5129E+00 9.5129E+00 9.5129E+00)
(1.9043E+01 1.9043E+01 1.9043E+01 1.4282E+01 1.4282E+01 1.4282E+01 9.5213E+00 9.5213E+00 9.5213E+00)
(1.9059E+01 1.9059E+01 1.9059E+01 1.4294E+01 1.4294E+01 1.4294E+01 9.5296E+00 9.5296E+00 9.5296E+00)
(1.9076E+01 1.9076E+01 1.9076E+01 1.4307E+01 1.4307E+01 1.4307E+01 9.5378E+00 9.5378E+00 9.5378E+00)
(1.9092E+01 1.9092E+01 1.9092E+01 1.4319E+01 1.4319E+01 1.4319E+01 9.5458E+00 9.5458E+00 9.5458E+00)
(1.9107E+01 1.9107E+01 1.9107E+01 1.4331E+01 1.4331E+01 1.4331E+01 9.5537E+00 9.5537E+00 9.5537E+00)
(1.9123E+01 1.9123E+01 1.9123E+01 1.4342E+01 1.4342E+01 1.4342E+01 9.5614E+00 9.5614E+00 9.5614E+00)
(1.9138E+01 1.9138E+01 1.9138E+01 1.4354E+01 1.4354E+01 1.4354E+01 9.5691E+00 9.5691E+00 9.5691E+00)
(1.9153E+01 1.9153E+01 1.9153E+01 1.4365E+01 1.4365E+01 1.4365E+01 9.5766E+00 9.5766E+00 9.5766E+00)
(1.9168E+01 1.9168E+01 1.9168E+01 1.4376E+01 1.4376E+01 1.4376E+01 9.5841E+00 9.5841E+00 9.5841E+00)
(1.9183E+01 1.9183E+01 1.9183E+01 1.4387E+01 1.4387E+01 1.4387E+01 9.5914E+00 9.5914E+00 9.5914E+00)
(1.9197E+01 1.9197E+01 1.9197E+01 1.4398E+01 1.4398E+01 1.4398E+01 9.5986E+00 9.5986E+00 9.5986E+00)
(1.9211E+01 1.9211E+01 1.9211E+01 1.4409E+01 1.4409E+01 1.4409E+01 9.6057E+00 9.6057E+00 9.6057E+00)
(1.9225E+01 1.9225E+01 1.9225E+01 1.4419E+01 1.4419E+01 1.4419E+01 9.6127E+00 9.6127E+00 9.6127E+00)
(1.9239E+01 1.9239E+01 1.9239E+01 1.4429E+01 1.4429E+01 1.4429E+01 9.6196E+00 9.6196E+00 9.6196E+00)
(1.9253E+01 1.9253E+01 1.9253E+01 1.4440E+01 1.4440E+01 1.4440E+01 9.6265E+00 9.6265E+00 9.6265E+00)
(1.9266E+01 1.9266E+01 1.9266E+01 1.4450E+01 1.4450E+01 1.4450E+01 9.6332E+00 9.6332E+00 9.6332E+00)
(1.9280E+01 1.9280E+01 1.9280E+01 1.4460E+01 1.4460E+01 1.4460E+01 9.6398E+00 9.6398E+00 9.6398E+00)
(1.9293E+01 1.9293E+01 1.9293E+01 1.4470E+01 1.4470E+01 1.4470E+01 9.6464E+00 9.6464E+00 9.6464E+00)
(1.9306E+01 1.9306E+01 1.9306E+01 1.4479E+01 1.4479E+01 1.4479E+01 9.6529E+00 9.6529E+00 9.6529E+00)
(1.9319E+01 1.9319E+01 1.9319E+01 1.4489E+01 1.4489E+01 1.4489E+01 9.6593E+00 9.6593E+00 9.6593E+00)
(1.9331E+01 1.9331E+01 1.9331E+01 1.4498E+01 1.4498E+01 1.4498E+01 9.6656E+00 9.6656E+00 9.6656E+00)
(1.9344E+01 1.9344E+01 1.9344E+01 1.4508E+01 1.4508E+01 1.4508E+01 9.6718E+00 9.6718E+00 9.6718E+00)
(1.9356E+01 1.9356E+01 1.9356E+01 1.4517E+01 1.4517E+01 1.4517E+01 9.6780E+00 9.6780E+00 9.6780E+00)
(1.9368E+01 1.9368E+01 1.9368E+01 1.4526E+01 1.4526E+01 1.4526E+01 9.6841E+00 9.6841E+00 9.6841E+00)
(1.9380E+01 1.9380E+01 1.9380E+01 1.4535E+01 1.4535E+01 1.4535E+01 9.6901E+00 9.6901E+00 9.6901E+00)
(1.9392E+01 1.9392E+01 1.9392E+01 1.4544E+01 1.4544E+01 1.4544E+01 9.6960E+00 9.6960E+00 9.6960E+00)
(1.9404E+01 1.9404E+01 1.9404E+01 1.4553E+01 1.4553E+01 1.4553E+01 9.7019E+00 9.7019E+00 9.7019E+00)
(1.9415E+01 1.9415E+01 1.9415E+01 1.4562E+01 1.4562E+01 1.4562E+01 9.7077E+00 9.7077E+00 9.7077E+00)
(1.9427E+01 1.9427E+01 1.9427E+01 1.4570E+01 1.4570E+01 1.4570E+01 9.7135E+00 9.7135E+00 9.7135E+00)
(1.9438E+01 1.9438E+01 1.9438E+01 1.4579E+01 1.4579E+01 1.4579E+01 9.7192E+00 9.7192E+00 9.7192E+00)
(1.9450E+01 1.9450E+01 1.9450E+01 1.4587E+01 1.4587E+01 1.4587E+01 9.7248E+00 9.7248E+00 9.7248E+00)
(1.9461E+01 1.9461E+01 1.9461E+01 1.4596E+01 1.4596E+01 1.4596E+01 9.7303E+00 9.7303E+00 9.7303E+00)
(1.9472E+01 1.9472E+01 1.9472E+01 1.4604E+01 1.4604E+01 1.4604E+01 9.7358E+00 9.7358E+00 9.7358E+00)
(1.9483E+01 1.9483E+01 1.9483E+01 1.4612E+01 1.4612E+01 1.4612E+01 9.7413E+00 9.7413E+00 9.7413E+00)
(1.9493E+01 1.9493E+01 1.9493E+01 1.4620E+01 1.4620E+01 1.4620E+01 9.7467E+00 9.7467E+00 9.7467E+00)
(1.9504E+01 1.9504E+01 1.9504E+01 1.4628E+01 1.4628E+01 1.4628E+01 9.7520E+00 9.7520E+00 9.7520E+00)
(1.9515E+01 1.9515E+01 1.9515E+01 1.4636E+01 1.4636E+01 1.4636E+01 9.7573E+00 9.7573E+00 9.7573E+00)
(1.9525E+01 1.9525E+01 1.9525E+01 1.4644E+01 1.4644E+01 1.4644E+01 9.7625E+00 9.7625E+00 9.7625E+00)
(1.9535E+01 1.9535E+01 1.9535E+01 1.4651E+01 1.4651E+01 1.4651E+01 9.7676E+00 9.7676E+00 9.7676E+00)
(1.9546E+01 1.9546E+01 1.9546E+01 1.4659E+01 1.4659E+01 1.4659E+01 9.7728E+00 9.7728E+00 9.7728E+00)
(1.9556E+01 1.9556E+01 1.9556E+01 1.4667E+01 1.4667E+01 1.4667E+01 9.7778E+00 9.7778E+00 9.7778E+00)
(1.9566E+01 1.9566E+01 1.9566E+01 1.4674E+01 1.4674E+01 1.4674E+01 9.7828E+00 9.7828E+00 9.7828E+00)
(1.9576E+01 1.9576E+01 1.9576E+01 1.4682E+01 1.4682E+01 1.4682E+01 9.7878E+00 9.7878E+00 9.7878E+00)
(1.9585E+01 1.9585E+01 1.9585E+01 1.4689E+01 1.4689E+01 1.4689E+01 9.7927E+00 9.7927E+00 9.7927E+00)
(1.9595E+01 1.9595E+01 1.9595E+01 1.4696E+01 1.4696E+01 1.4696E+01 9.7976E+00 9.7976E+00 9.7976E+00)
(1.9605E+01 1.9605E+01 1.9605E+01 1.4704E+01 1.4704E+01 1.4704E+01 9.8024E+00 9.8024E+00 9.8024E+00)
(1.9614E+01 1.9614E+01 1.9614E+01 1.4711E+01 1.4711E+01 1.4711E+01 9.8072E+00 9.8072E+00 9.8072E+00)
(1.9624E+01 1.9624E+01 1.9624E+01 1.4718E+01 1.4718E+01 1.4718E+01 9.8119E+00 9.8119E+00 9.8119E+00)
(1.9633E+01 1.9633E+01 1.9633E+01 1.4725E+01 1.4725E+01 1.4725E+01 9.8166E+00 9.8166E+00 9.8166E+00)
(1.9643E+01 1.9643E+01 1.9643E+01 1.4732E+01 1.4732E+01 1.4732E+01 9.8213E+00 9.8213E+00 9.8213E+00)
(1.9652E+01 1.9652E+01 1.9652E+01 1.4739E+01 1.4739E+01 1.4739E+01 9.8259E+00 9.8259E+00 9.8259E+00)
(1.9661E+01 1.9661E+01 1.9661E+01 1.4746E+01 1.4746E+01 1.4746E+01 9.8305E+00 9.8305E+00 9.8305E+00)
(1.9670E+01 1.9670E+01 1.9670E+01 1.4753E+01 1.4753E+01 1.4753E+01 9.8350E+00 9.8350E+00 9.8350E+00)
(1.9679E+01 1.9679E+01 1.9679E+01 1.4759E+01 1.4759E+01 1.4759E+01 9.8395E+00 9.8395E+00 9.8395E+00)
(1.9688E+01 1.9688E+01 1.9688E+01 1.4766E+01 1.4766E+01 1.4766E+01 9.8440E+00 9.8440E+00 9.8440E+00)
(1.9697E+01 1.9697E+01 1.9697E+01 1.4773E+01 1.4773E+01 1.4773E+01 9.8484E+00 9.8484E+00 9.8484E+00)
(1.9706E+01 1.9706E+01 1.9706E+01 1.4779E+01 1.4779E+01 1.4779E+01 9.8528E+00 9.8528E+00 9.8528E+00)
(1.9714E+01 1.9714E+01 1.9714E+01 1.4786E+01 1.4786E+01 1.4786E+01 9.8571E+00 9.8571E+00 9.8571E+00)
(1.9723E+01 1.9723E+01 1.9723E+01 1.4792E+01 1.4792E+01 1.4792E+01 9.8614E+00 9.8614E+00 9.8614E+00)
(1.9731E+01 1.9731E+01 1.9731E+01 1.4799E+01 1.4799E+01 1.4799E+01 9.8657E+00 9.8657E+00 9.8657E+00)
(1.9740E+01 1.9740E+01 1.9740E+01 1.4805E+01 1.4805E+01 1.4805E+01 9.8699E+00 9.8699E+00 9.8699E+00)
(1.9748E+01 1.9748E+01 1.9748E+01 1.4811E+01 1.4811E+01 1.4811E+01 9.8741E+00 9.8741E+00 9.8741E+00)
(1.9757E+01 1.9757E+01 1.9757E+01 1.4817E+01 1.4817E+01 1.4817E+01 9.8783E+00 9.8783E+00 9.8783E+00)
(1.9765E+01 1.9765E+01 1.9765E+01 1.4824E+01 1.4824E+01 1.4824E+01 9.8824E+00 9.8824E+00 9.8824E+00)
(1.9773E+01 1.9773E+01 1.9773E+01 1.4830E+01 1.4830E+01 1.4830E+01 9.8865E+00 9.8865E+00 9.8865E+00)
(1.9781E+01 1.9781E+01 1.9781E+01 1.4836E+01 1.4836E+01 1.4836E+01 9.8906E+00 9.8906E+00 9.8906E+00)
(1.9789E+01 1.9789E+01 1.9789E+01 1.4842E+01 1.4842E+01 1.4842E+01 9.8946E+00 9.8946E+00 9.8946E+00)
(1.9797E+01 1.9797E+01 1.9797E+01 1.4848E+01 1.4848E+01 1.4848E+01 9.8986E+00 9.8986E+00 9.8986E+00)
(1.9805E+01 1.9805E+01 1.9805E+01 1.4854E+01 1.4854E+01 1.4854E+01 9.9026E+00 9.9026E+00 9.9026E+00)
(1.9813E+01 1.9813E+01 1.9813E+01 1.4860E+01 1.4860E+01 1.4860E+01 9.9065E+00 9.9065E+00 9.9065E+00)
(1.9821E+01 1.9821E+01 1.9821E+01 1.4866E+01 1.4866E+01 1.4866E+01 9.9105E+00 9.9105E+00 9.9105E+00)
(1.9829E+01 1.9829E+01 1.9829E+01 1.4872E+01 1.4872E+01 1.4872E+01 9.9143E+00 9.9143E+00 9.9143E+00)
(1.9836E+01 1.9836E+01 1.9836E+01 1.4877E+01 1.4877E+01 1.4877E+01 9.9182E+00 9.9182E+00 9.9182E+00)
(1.9844E+01 1.9844E+01 1.9844E+01 1.4883E+01 1.4883E+01 1.4883E+01 9.9220E+00 9.9220E+00 9.9220E+00)
(1.9852E+01 1.9852E+01 1.9852E+01 1.4889E+01 1.4889E+01 1.4889E+01 9.9258E+00 9.9258E+00 9.9258E+00)
(1.9859E+01 1.9859E+01 1.9859E+01 1.4894E+01 1.4894E+01 1.4894E+01 9.9296E+00 9.9296E+00 9.9296E+00)
(1.9867E+01 1.9867E+01 1.9867E+01 1.4900E+01 1.4900E+01 1.4900E+01 9.9334E+00 9.9334E+00 9.9334E+00)
(1.9874E+01 1.9874E+01 1.9874E+01 1.4906E+01 1.4906E+01 1.4906E+01 9.9371E+00 9.9371E+00 9.9371E+00)
(1.9882E+01 1.9882E+01 1.9882E+01 1.4911E+01 1.4911E+01 1.4911E+01 9.9408E+00 9.9408E+00 9.9408E+00)
(1.9889E+01 1.9889E+01 1.9889E+01 1.4917E+01 1.4917E+01 1.4917E+01 9.9444E+00 9.9444E+00 9.9444E+00)
(1.9896E+01 1.9896E+01 1.9896E+01 1.4922E+01 1.4922E+01 1.4922E+01 9.9481E+00 9.9481E+00 9.9481E+00)
(1.9903E+01 1.9903E+01 1.9903E+01 1.4928E+01 1.4928E+01 1.4928E+01 9.9517E+00 9.9517E+00 9.9517E+00)
(1.9911E+01 1.9911E+01 1.9911E+01 1.4933E+01 1.4933E+01 1.4933E+01 9.9553E+00 9.9553E+00 9.9553E+00)
(1.9918E+01 1.9918E+01 1.9918E+01 1.4938E+01 1.4938E+01 1.4938E+01 9.9589E+00 9.9589E+00 9.9589E+00)
(1.9925E+01 1.9925E+01 1.9925E+01 1.4944E+01 1.4944E+01 1.4944E+01 9.9624E+00 9.9624E+00 9.9624E+00)
(1.9932E+01 1.9932E+01 1.9932E+01 1.4949E+01 1.4949E+01 1.4949E+01 9.9659E+00 9.9659E+00 9.9659E+00)
(1.9939E+01 1.9939E+01 1.9939E+01 1.4954E+01 1.4954E+01 1.4954E+01 9.9694E+00 9.9694E+00 9.9694E+00)
(1.9946E+01 1.9946E+01 1.9946E+01 1.4959E+01 1.4959E+01 1.4959E+01 9.9729E+00 9.9729E+00 9.9729E+00)
(1.9953E+01 1.9953E+01 1.9953E+01 1.4965E+01 1.4965E+01 1.4965E+01 9.9764E+00 9.9764E+00 9.9764E+00)
(1.9960E+01 1.9960E+01 1.9960E+01 1.4970E+01 1.4970E+01 1.4970E+01 9.9798E+00 9.9798E+00 9.9798E+00)
(1.9966E+01 1.9966E+01 1.9966E+01 1.4975E+01 1.4975E+01 1.4975E+01 9.9832E+00 9.9832E+00 9.9832E+00)
(1.9973E+01 1.9973E+01 1.9973E+01 1.4980E+01 1.4980E+01 1.4980E+01 9.9866E+00 9.9866E+00 9.9866E+00)
(1.9980E+01 1.9980E+01 1.9980E+01 1.4985E+01 1.4985E+01 1.4985E+01 9.9899E+00 9.9899E+00 9.9899E+00)
(1.9987E+01 1.9987E+01 1.9987E+01 1.4990E+01 1.4990E+01 1.4990E+01 9.9933E+00 9.9933E+00 9.9933E+00)
(1.9993E+01 1.9993E+01 1.9993E+01 1.4995E+01 1.4995E+01 1.4995E+01 9.9966E+00 9.9966E+00 9.9966E+00)
(2.0000E+01 2.0000E+01 2.0000E+01 1.5000E+01 1.5000E+01 1.5000E+01 9.9999E+00 9.9999E+00 9.9999E+00)
(2.0006E+01 2.0006E+01 2.0006E+01 1.5005E+01 1.5005E+01 1.5005E+01 1.0003E+01 1.0003E+01 1.0003E+01)
(2.0013E+01 2.0013E+01 2.0013E+01 1.5010E+01 1.5010E+01 1.5010E+01 1.0006E+01 1.0006E+01 1.0006E+01)
(2.0019E+01 2.0019E+01 2.0019E+01 1.5015E+01 1.5015E+01 1.5015E+01 1.0010E+01 1.0010E+01 1.0010E+01)
(2.0026E+01 2.0026E+01 2.0026E+01 1.5019E+01 1.5019E+01 1.5019E+01 1.0013E+01 1.0013E+01 1.0013E+01)
(2.0032E+01 2.0032E+01 2.0032E+01 1.5024E+01 1.5024E+01 1.5024E+01 1.0016E+01 1.0016E+01 1.0016E+01)
(2.0039E+01 2.0039E+01 2.0039E+01 1.5029E+01 1.5029E+01 1.5029E+01 1.0019E+01 1.0019E+01 1.0019E+01)
(2.0045E+01 2.0045E+01 2.0045E+01 1.5034E+01 1.5034E+01 1.5034E+01 1.0022E+01 1.0022E+01 1.0022E+01)
(2.0051E+01 2.0051E+01 2.0051E+01 1.5038E+01 1.5038E+01 1.5038E+01 1.0026E+01 1.0026E+01 1.0026E+01)
(2.0057E+01 2.0057E+01 2.0057E+01 1.5043E+01 1.5043E+01 1.5043E+01 1.0029E+01 1.0029E+01 1.0029E+01)
(2.0064E+01 2.0064E+01 2.0064E+01 1.5048E+01 1.5048E+01 1.5048E+01 1.0032E+01 1.0032E+01 1.0032E+01)
(2.0070E+01 2.0070E+01 2.0070E+01 1.5052E+01 1.5052E+01 1.5052E+01 1.0035E+01 1.0035E+01 1.0035E+01)
(2.0076E+01 2.0076E+01 2.0076E+01 1.5057E+01 1.5057E+01 1.5057E+01 1.0038E+01 1.0038E+01 1.0038E+01)
(2.0082E+01 2.0082E+01 2.0082E+01 1.5062E+01 1.5062E+01 1.5062E+01 1.0041E+01 1.0041E+01 1.0041E+01)
(2.0088E+01 2.0088E+01 2.0088E+01 1.5066E+01 1.5066E+01 1.5066E+01 1.0044E+01 1.0044E+01 1.0044E+01)
(2.0094E+01 2.0094E+01 2.0094E+01 1.5071E+01 1.5071E+01 1.5071E+01 1.0047E+01 1.0047E+01 1.0047E+01)
(2.0100E+01 2.0100E+01 2.0100E+01 1.5075E+01 1.5075E+01 1.5075E+01 1.0050E+01 1.0050E+01 1.0050E+01)
(2.0106E+01 2.0106E+01 2.0106E+01 1.5080E+01 1.5080E+01 1.5080E+01 1.0053E+01 1.0053E+01 1.0053E+01)
(2.0112E+01 2.0112E+01 2.0112E+01 1.5084E+01 1.5084E+01 1.5084E+01 1.0056E+01 1.0056E+01 1.0056E+01)
(2.0118E+01 2.0118E+01 2.0118E+01 1.5088E+01 1.5088E+01 1.5088E+01 1.0059E+01 1.0059E+01 1.0059E+01)
(2.0124E+01 2.0124E+01 2.0124E+01 1.5093E+01 1.5093E+01 1.5093E+01 1.0062E+01 1.0062E+01 1.0062E+01)
(2.0130E+01 2.0130E+01 2.0130E+01 1.5097E+01 1.5097E+01 1.5097E+01 1.0065E+01 1.0065E+01 1.0065E+01)
(2.0135E+01 2.0135E+01 2.0135E+01 1.5102E+01 1.5102E+01 1.5102E+01 1.0068E+01 1.0068E+01 1.0068E+01)
(2.0141E+01 2.0141E+01 2.0141E+01 1.5106E+01 1.5106E+01 1.5106E+01 1.0071E+01 1.0071E+01 1.0071E+01)
(2.0147E+01 2.0147E+01 2.0147E+01 1.5110E+01 1.5110E+01 1.5110E+01 1.0073E+01 1.0073E+01 1.0073E+01)
(2.0153E+01 2.0153E+01 2.0153E+01 1.5114E+01 1.5114E+01 1.5114E+01 1.0076E+01 1.0076E+01 1.0076E+01)
(2.0158E+01 2.0158E+01 2.0158E+01 1.5119E+01 1.5119E+01 1.5119E+01 1.0079E+01 1.0079E+01 1.0079E+01)
(2.0164E+01 2.0164E+01 2.0164E+01 1.5123E+01 1.5123E+01 1.5123E+01 1.0082E+01 1.0082E+01 1.0082E+01)
(2.0170E+01 2.0170E+01 2.0170E+01 1.5127E+01 1.5127E+01 1.5127E+01 1.0085E+01 1.0085E+01 1.0085E+01)
(2.0175E+01 2.0175E+01 2.0175E+01 1.5131E+01 1.5131E+01 1.5131E+01 1.0088E+01 1.0088E+01 1.0088E+01)
(2.0181E+01 2.0181E+01 2.0181E+01 1.5136E+01 1.5136E+01 1.5136E+01 1.0090E+01 1.0090E+01 1.0090E+01)
(2.0186E+01 2.0186E+01 2.0186E+01 1.5140E+01 1.5140E+01 1.5140E+01 1.0093E+01 1.0093E+01 1.0093E+01)
(2.0192E+01 2.0192E+01 2.0192E+01 1.5144E+01 1.5144E+01 1.5144E+01 1.0096E+01 1.0096E+01 1.0096E+01)
(2.0197E+01 2.0197E+01 2.0197E+01 1.5148E+01 1.5148E+01 1.5148E+01 1.0099E+01 1.0099E+01 1.0099E+01)
(2.0203E+01 2.0203E+01 2.0203E+01 1.5152E+01 1.5152E+01 1.5152E+01 1.0101E+01 1.0101E+01 1.0101E+01)
(2.0208E+01 2.0208E+01 2.0208E+01 1.5156E+01 1.5156E+01 1.5156E+01 1.0104E+01 1.0104E+01 1.0104E+01)
(2.0214E+01 2.0214E+01 2.0214E+01 1.5160E+01 1.5160E+01 1.5160E+01 1.0107E+01 1.0107E+01 1.0107E+01)
(2.0219E+01 2.0219E+01 2.0219E+01 1.5164E+01 1.5164E+01 1.5164E+01 1.0109E+01 1.0109E+01 1.0109E+01)
(2.0224E+01 2.0224E+01 2.0224E+01 1.5168E+01 1.5168E+01 1.5168E+01 1.0112E+01 1.0112E+01 1.0112E+01)
(2.0230E+01 2.0230E+01 2.0230E+01 1.5172E+01 1.5172E+01 1.5172E+01 1.0115E+01 1.0115E+01 1.0115E+01)
(2.0235E+01 2.0235E+01 2.0235E+01 1.5176E+01 1.5176E+01 1.5176E+01 1.0117E+01 1.0117E+01 1.0117E+01)
(2.0240E+01 2.0240E+01 2.0240E+01 1.5180E+01 1.5180E+01 1.5180E+01 1.0120E+01 1.0120E+01 1.0120E+01)
(2.0245E+01 2.0245E+01 2.0245E+01 1.5184E+01 1.5184E+01 1.5184E+01 1.0123E+01 1.0123E+01 1.0123E+01)
(2.0250E+01 2.0250E+01 2.0250E+01 1.5188E+01 1.5188E+01 1.5188E+01 1.0125E+01 1.0125E+01 1.0125E+01)
(2.0256E+01 2.0256E+01 2.0256E+01 1.5192E+01 1.5192E+01 1.5192E+01 1.0128E+01 1.0128E+01 1.0128E+01)
(2.0261E+01 2.0261E+01 2.0261E+01 1.5196E+01 1.5196E+01 1.5196E+01 1.0130E+01 1.0130E+01 1.0130E+01)
(2.0266E+01 2.0266E+01 2.0266E+01 1.5199E+01 1.5199E+01 1.5199E+01 1.0133E+01 1.0133E+01 1.0133E+01)
(2.0271E+01 2.0271E+01 2.0271E+01 1.5203E+01 1.5203E+01 1.5203E+01 1.0136E+01 1.0136E+01 1.0136E+01)
(2.0276E+01 2.0276E+01 2.0276E+01 1.5207E+01 1.5207E+01 1.5207E+01 1.0138E+01 1.0138E+01 1.0138E+01)
(2.0281E+01 2.0281E+01 2.0281E+01 1.5211E+01 1.5211E+01 1.5211E+01 1.0141E+01 1.0141E+01 1.0141E+01)
(2.0286E+01 2.0286E+01 2.0286E+01 1.5215E+01 1.5215E+01 1.5215E+01 1.0143E+01 1.0143E+01 1.0143E+01)
(2.0291E+01 2.0291E+01 2.0291E+01 1.5218E+01 1.5218E+01 1.5218E+01 1.0146E+01 1.0146E+01 1.0146E+01)
(2.0296E+01 2.0296E+01 2.0296E+01 1.5222E+01 1.5222E+01 1.5222E+01 1.0148E+01 1.0148E+01 1.0148E+01)
(2.0301E+01 2.0301E+01 2.0301E+01 1.5226E+01 1.5226E+01 1.5226E+01 1.0151E+01 1.0151E+01 1.0151E+01)
(2.0306E+01 2.0306E+01 2.0306E+01 1.5230E+01 1.5230E+01 1.5230E+01 1.0153E+01 1.0153E+01 1.0153E+01)
(2.0311E+01 2.0311E+01 2.0311E+01 1.5233E+01 1.5233E+01 1.5233E+01 1.0156E+01 1.0156E+01 1.0156E+01)
(2.0316E+01 2.0316E+01 2.0316E+01 1.5237E+01 1.5237E+01 1.5237E+01 1.0158E+01 1.0158E+01 1.0158E+01)
(2.0321E+01 2.0321E+01 2.0321E+01 1.5241E+01 1.5241E+01 1.5241E+01 1.0160E+01 1.0160E+01 1.0160E+01)
(2.0326E+01 2.0326E+01 2.0326E+01 1.5244E+01 1.5244E+01 1.5244E+01 1.0163E+01 1.0163E+01 1.0163E+01)
(2.0330E+01 2.0330E+01 2.0330E+01 1.5248E+01 1.5248E+01 1.5248E+01 1.0165E+01 1.0165E+01 1.0165E+01)
(2.0335E+01 2.0335E+01 2.0335E+01 1.5251E+01 1.5251E+01 1.5251E+01 1.0168E+01 1.0168E+01 1.0168E+01)
(2.0340E+01 2.0340E+01 2.0340E+01 1.5255E+01 1.5255E+01 1.5255E+01 1.0170E+01 1.0170E+01 1.0170E+01)
(2.0345E+01 2.0345E+01 2.0345E+01 1.5259E+01 1.5259E+01 1.5259E+01 1.0172E+01 1.0172E+01 1.0172E+01)
(2.0350E+01 2.0350E+01 2.0350E+01 1.5262E+01 1.5262E+01 1.5262E+01 1.0175E+01 1.0175E+01 1.0175E+01)
(2.0354E+01 2.0354E+01 2.0354E+01 1.5266E+01 1.5266E+01 1.5266E+01 1.0177E+01 1.0177E+01 1.0177E+01)
(2.0359E+01 2.0359E+01 2.0359E+01 1.5269E+01 1.5269E+01 1.5269E+01 1.0180E+01 1.0180E+01 1.0180E+01)
(2.0364E+01 2.0364E+01 2.0364E+01 1.5273E+01 1.5273E+01 1.5273E+01 1.0182E+01 1.0182E+01 1.0182E+01)
(2.0368E+01 2.0368E+01 2.0368E+01 1.5276E+01 1.5276E+01 1.5276E+01 1.0184E+01 1.0184E+01 1.0184E+01)
(2.0373E+01 2.0373E+01 2.0373E+01 1.5280E+01 1.5280E+01 1.5280E+01 1.0186E+01 1.0186E+01 1.0186E+01)
(2.0378E+01 2.0378E+01 2.0378E+01 1.5283E+01 1.5283E+01 1.5283E+01 1.0189E+01 1.0189E+01 1.0189E+01)
(2.0382E+01 2.0382E+01 2.0382E+01 1.5287E+01 1.5287E+01 1.5287E+01 1.0191E+01 1.0191E+01 1.0191E+01)
(2.0387E+01 2.0387E+01 2.0387E+01 1.5290E+01 1.5290E+01 1.5290E+01 1.0193E+01 1.0193E+01 1.0193E+01)
(2.0391E+01 2.0391E+01 2.0391E+01 1.5294E+01 1.5294E+01 1.5294E+01 1.0196E+01 1.0196E+01 1.0196E+01)
(2.0396E+01 2.0396E+01 2.0396E+01 1.5297E+01 1.5297E+01 1.5297E+01 1.0198E+01 1.0198E+01 1.0198E+01)
(2.0400E+01 2.0400E+01 2.0400E+01 1.5300E+01 1.5300E+01 1.5300E+01 1.0200E+01 1.0200E+01 1.0200E+01)
(2.0405E+01 2.0405E+01 2.0405E+01 1.5304E+01 1.5304E+01 1.5304E+01 1.0202E+01 1.0202E+01 1.0202E+01)
(2.0409E+01 2.0409E+01 2.0409E+01 1.5307E+01 1.5307E+01 1.5307E+01 1.0205E+01 1.0205E+01 1.0205E+01)
(2.0414E+01 2.0414E+01 2.0414E+01 1.5310E+01 1.5310E+01 1.5310E+01 1.0207E+01 1.0207E+01 1.0207E+01)
(2.0418E+01 2.0418E+01 2.0418E+01 1.5314E+01 1.5314E+01 1.5314E+01 1.0209E+01 1.0209E+01 1.0209E+01)
(2.0423E+01 2.0423E+01 2.0423E+01 1.5317E+01 1.5317E+01 1.5317E+01 1.0211E+01 1.0211E+01 1.0211E+01)
(2.0427E+01 2.0427E+01 2.0427E+01 1.5320E+01 1.5320E+01 1.5320E+01 1.0214E+01 1.0214E+01 1.0214E+01)
(2.0432E+01 2.0432E+01 2.0432E+01 1.5324E+01 1.5324E+01 1.5324E+01 1.0216E+01 1.0216E+01 1.0216E+01)
(2.0436E+01 2.0436E+01 2.0436E+01 1.5327E+01 1.5327E+01 1.5327E+01 1.0218E+01 1.0218E+01 1.0218E+01)
(2.0440E+01 2.0440E+01 2.0440E+01 1.5330E+01 1.5330E+01 1.5330E+01 1.0220E+01 1.0220E+01 1.0220E+01)
(2.0445E+01 2.0445E+01 2.0445E+01 1.5333E+01 1.5333E+01 1.5333E+01 1.0222E+01 1.0222E+01 1.0222E+01)
(2.0449E+01 2.0449E+01 2.0449E+01 1.5337E+01 1.5337E+01 1.5337E+01 1.0224E+01 1.0224E+01 1.0224E+01)
(2.0453E+01 2.0453E+01 2.0453E+01 1.5340E+01 1.5340E+01 1.5340E+01 1.0227E+01 1.0227E+01 1.0227E+01)
(2.0458E+01 2.0458E+01 2.0458E+01 1.5343E+01 1.5343E+01 1.5343E+01 1.0229E+01 1.0229E+01 1.0229E+01)
(2.0462E+01 2.0462E+01 2.0462E+01 1.5346E+01 1.5346E+01 1.5346E+01 1.0231E+01 1.0231E+01 1.0231E+01)
(2.0466E+01 2.0466E+01 2.0466E+01 1.5350E+01 1.5350E+01 1.5350E+01 1.0233E+01 1.0233E+01 1.0233E+01)
(2.0470E+01 2.0470E+01 2.0470E+01 1.5353E+01 1.5353E+01 1.5353E+01 1.0235E+01 1.0235E+01 1.0235E+01)
(2.0475E+01 2.0475E+01 2.0475E+01 1.5356E+01 1.5356E+01 1.5356E+01 1.0237E+01 1.0237E+01 1.0237E+01)
(2.0479E+01 2.0479E+01 2.0479E+01 1.5359E+01 1.5359E+01 1.5359E+01 1.0239E+01 1.0239E+01 1.0239E+01)
(2.0483E+01 2.0483E+01 2.0483E+01 1.5362E+01 1.5362E+01 1.5362E+01 1.0241E+01 1.0241E+01 1.0241E+01)
(2.0487E+01 2.0487E+01 2.0487E+01 1.5365E+01 1.5365E+01 1.5365E+01 1.0244E+01 1.0244E+01 1.0244E+01)
(2.0491E+01 2.0491E+01 2.0491E+01 1.5368E+01 1.5368E+01 1.5368E+01 1.0246E+01 1.0246E+01 1.0246E+01)
(2.0495E+01 2.0495E+01 2.0495E+01 1.5372E+01 1.5372E+01 1.5372E+01 1.0248E+01 1.0248E+01 1.0248E+01)
(2.0500E+01 2.0500E+01 2.0500E+01 1.5375E+01 1.5375E+01 1.5375E+01 1.0250E+01 1.0250E+01 1.0250E+01)
(2.0504E+01 2.0504E+01 2.0504E+01 1.5378E+01 1.5378E+01 1.5378E+01 1.0252E+01 1.0252E+01 1.0252E+01)
(2.0508E+01 2.0508E+01 2.0508E+01 1.5381E+01 1.5381E+01 1.5381E+01 1.0254E+01 1.0254E+01 1.0254E+01)
(2.0512E+01 2.0512E+01 2.0512E+01 1.5384E+01 1.5384E+01 1.5384E+01 1.0256E+01 1.0256E+01 1.0256E+01)
(2.0516E+01 2.0516E+01 2.0516E+01 1.5387E+01 1.5387E+01 1.5387E+01 1.0258E+01 1.0258E+01 1.0258E+01)
(2.0520E+01 2.0520E+01 2.0520E+01 1.5390E+01 1.5390E+01 1.5390E+01 1.0260E+01 1.0260E+01 1.0260E+01)
(2.0524E+01 2.0524E+01 2.0524E+01 1.5393E+01 1.5393E+01 1.5393E+01 1.0262E+01 1.0262E+01 1.0262E+01)
(2.0528E+01 2.0528E+01 2.0528E+01 1.5396E+01 1.5396E+01 1.5396E+01 1.0264E+01 1.0264E+01 1.0264E+01)
(2.0532E+01 2.0532E+01 2.0532E+01 1.5399E+01 1.5399E+01 1.5399E+01 1.0266E+01 1.0266E+01 1.0266E+01)
(2.0536E+01 2.0536E+01 2.0536E+01 1.5402E+01 1.5402E+01 1.5402E+01 1.0268E+01 1.0268E+01 1.0268E+01)
(2.0540E+01 2.0540E+01 2.0540E+01 1.5405E+01 1.5405E+01 1.5405E+01 1.0270E+01 1.0270E+01 1.0270E+01)
(2.0544E+01 2.0544E+01 2.0544E+01 1.5408E+01 1.5408E+01 1.5408E+01 1.0272E+01 1.0272E+01 1.0272E+01)
(2.0548E+01 2.0548E+01 2.0548E+01 1.5411E+01 1.5411E+01 1.5411E+01 1.0274E+01 1.0274E+01 1.0274E+01)
(2.0552E+01 2.0552E+01 2.0552E+01 1.5414E+01 1.5414E+01 1.5414E+01 1.0276E+01 1.0276E+01 1.0276E+01)
(2.0556E+01 2.0556E+01 2.0556E+01 1.5417E+01 1.5417E+01 1.5417E+01 1.0278E+01 1.0278E+01 1.0278E+01)
(2.0560E+01 2.0560E+01 2.0560E+01 1.5420E+01 1.5420E+01 1.5420E+01 1.0280E+01 1.0280E+01 1.0280E+01)
(2.0563E+01 2.0563E+01 2.0563E+01 1.5423E+01 1.5423E+01 1.5423E+01 1.0282E+01 1.0282E+01 1.0282E+01)
(2.0567E+01 2.0567E+01 2.0567E+01 1.5425E+01 1.5425E+01 1.5425E+01 1.0284E+01 1.0284E+01 1.0284E+01)
(2.0571E+01 2.0571E+01 2.0571E+01 1.5428E+01 1.5428E+01 1.5428E+01 1.0286E+01 1.0286E+01 1.0286E+01)
(2.0575E+01 2.0575E+01 2.0575E+01 1.5431E+01 1.5431E+01 1.5431E+01 1.0288E+01 1.0288E+01 1.0288E+01)
(2.0579E+01 2.0579E+01 2.0579E+01 1.5434E+01 1.5434E+01 1.5434E+01 1.0289E+01 1.0289E+01 1.0289E+01)
(2.0583E+01 2.0583E+01 2.0583E+01 1.5437E+01 1.5437E+01 1.5437E+01 1.0291E+01 1.0291E+01 1.0291E+01)
(2.0586E+01 2.0586E+01 2.0586E+01 1.5440E+01 1.5440E+01 1.5440E+01 1.0293E+01 1.0293E+01 1.0293E+01)
(2.0590E+01 2.0590E+01 2.0590E+01 1.5443E+01 1.5443E+01 1.5443E+01 1.0295E+01 1.0295E+01 1.0295E+01)
(2.0594E+01 2.0594E+01 2.0594E+01 1.5446E+01 1.5446E+01 1.5446E+01 1.0297E+01 1.0297E+01 1.0297E+01)
(2.0598E+01 2.0598E+01 2.0598E+01 1.5448E+01 1.5448E+01 1.5448E+01 1.0299E+01 1.0299E+01 1.0299E+01)
(2.0602E+01 2.0602E+01 2.0602E+01 1.5451E+01 1.5451E+01 1.5451E+01 1.0301E+01 1.0301E+01 1.0301E+01)
(2.0605E+01 2.0605E+01 2.0605E+01 1.5454E+01 1.5454E+01 1.5454E+01 1.0303E+01 1.0303E+01 1.0303E+01)
(2.0609E+01 2.0609E+01 2.0609E+01 1.5457E+01 1.5457E+01 1.5457E+01 1.0305E+01 1.0305E+01 1.0305E+01)
(2.0613E+01 2.0613E+01 2.0613E+01 1.5460E+01 1.5460E+01 1.5460E+01 1.0306E+01 1.0306E+01 1.0306E+01)
(2.0616E+01 2.0616E+01 2.0616E+01 1.5462E+01 1.5462E+01 1.5462E+01 1.0308E+01 1.0308E+01 1.0308E+01)
(2.0620E+01 2.0620E+01 2.0620E+01 1.5465E+01 1.5465E+01 1.5465E+01 1.0310E+01 1.0310E+01 1.0310E+01)
(2.0624E+01 2.0624E+01 2.0624E+01 1.5468E+01 1.5468E+01 1.5468E+01 1.0312E+01 1.0312E+01 1.0312E+01)
(2.0627E+01 2.0627E+01 2.0627E+01 1.5471E+01 1.5471E+01 1.5471E+01 1.0314E+01 1.0314E+01 1.0314E+01)
(2.0631E+01 2.0631E+01 2.0631E+01 1.5473E+01 1.5473E+01 1.5473E+01 1.0316E+01 1.0316E+01 1.0316E+01)
(2.0635E+01 2.0635E+01 2.0635E+01 1.5476E+01 1.5476E+01 1.5476E+01 1.0317E+01 1.0317E+01 1.0317E+01)
(2.0638E+01 2.0638E+01 2.0638E+01 1.5479E+01 1.5479E+01 1.5479E+01 1.0319E+01 1.0319E+01 1.0319E+01)
(2.0642E+01 2.0642E+01 2.0642E+01 1.5482E+01 1.5482E+01 1.5482E+01 1.0321E+01 1.0321E+01 1.0321E+01)
(2.0646E+01 2.0646E+01 2.0646E+01 1.5484E+01 1.5484E+01 1.5484E+01 1.0323E+01 1.0323E+01 1.0323E+01)
(2.0649E+01 2.0649E+01 2.0649E+01 1.5487E+01 1.5487E+01 1.5487E+01 1.0325E+01 1.0325E+01 1.0325E+01)
(2.0653E+01 2.0653E+01 2.0653E+01 1.5490E+01 1.5490E+01 1.5490E+01 1.0326E+01 1.0326E+01 1.0326E+01)
(2.0656E+01 2.0656E+01 2.0656E+01 1.5492E+01 1.5492E+01 1.5492E+01 1.0328E+01 1.0328E+01 1.0328E+01)
(2.0660E+01 2.0660E+01 2.0660E+01 1.5495E+01 1.5495E+01 1.5495E+01 1.0330E+01 1.0330E+01 1.0330E+01)
(2.0663E+01 2.0663E+01 2.0663E+01 1.5498E+01 1.5498E+01 1.5498E+01 1.0332E+01 1.0332E+01 1.0332E+01)
(2.0667E+01 2.0667E+01 2.0667E+01 1.5500E+01 1.5500E+01 1.5500E+01 1.0333E+01 1.0333E+01 1.0333E+01)
(2.0671E+01 2.0671E+01 2.0671E+01 1.5503E+01 1.5503E+01 1.5503E+01 1.0335E+01 1.0335E+01 1.0335E+01)
(2.0674E+01 2.0674E+01 2.0674E+01 1.5506E+01 1.5506E+01 1.5506E+01 1.0337E+01 1.0337E+01 1.0337E+01)
(2.0678E+01 2.0678E+01 2.0678E+01 1.5508E+01 1.5508E+01 1.5508E+01 1.0339E+01 1.0339E+01 1.0339E+01)
(2.0681E+01 2.0681E+01 2.0681E+01 1.5511E+01 1.5511E+01 1.5511E+01 1.0340E+01 1.0340E+01 1.0340E+01)
(2.0684E+01 2.0684E+01 2.0684E+01 1.5513E+01 1.5513E+01 1.5513E+01 1.0342E+01 1.0342E+01 1.0342E+01)
(2.0688E+01 2.0688E+01 2.0688E+01 1.5516E+01 1.5516E+01 1.5516E+01 1.0344E+01 1.0344E+01 1.0344E+01)
(2.0691E+01 2.0691E+01 2.0691E+01 1.5519E+01 1.5519E+01 1.5519E+01 1.0346E+01 1.0346E+01 1.0346E+01)
(2.0695E+01 2.0695E+01 2.0695E+01 1.5521E+01 1.5521E+01 1.5521E+01 1.0347E+01 1.0347E+01 1.0347E+01)
(2.0698E+01 2.0698E+01 2.0698E+01 1.5524E+01 1.5524E+01 1.5524E+01 1.0349E+01 1.0349E+01 1.0349E+01)
(2.0702E+01 2.0702E+01 2.0702E+01 1.5526E+01 1.5526E+01 1.5526E+01 1.0351E+01 1.0351E+01 1.0351E+01)
(2.0705E+01 2.0705E+01 2.0705E+01 1.5529E+01 1.5529E+01 1.5529E+01 1.0353E+01 1.0353E+01 1.0353E+01)
(2.0708E+01 2.0708E+01 2.0708E+01 1.5531E+01 1.5531E+01 1.5531E+01 1.0354E+01 1.0354E+01 1.0354E+01)
(2.0712E+01 2.0712E+01 2.0712E+01 1.5534E+01 1.5534E+01 1.5534E+01 1.0356E+01 1.0356E+01 1.0356E+01)
(2.0715E+01 2.0715E+01 2.0715E+01 1.5536E+01 1.5536E+01 1.5536E+01 1.0358E+01 1.0358E+01 1.0358E+01)
(2.0719E+01 2.0719E+01 2.0719E+01 1.5539E+01 1.5539E+01 1.5539E+01 1.0359E+01 1.0359E+01 1.0359E+01)
(2.0722E+01 2.0722E+01 2.0722E+01 1.5541E+01 1.5541E+01 1.5541E+01 1.0361E+01 1.0361E+01 1.0361E+01)
(2.0725E+01 2.0725E+01 2.0725E+01 1.5544E+01 1.5544E+01 1.5544E+01 1.0363E+01 1.0363E+01 1.0363E+01)
(2.0729E+01 2.0729E+01 2.0729E+01 1.5547E+01 1.5547E+01 1.5547E+01 1.0364E+01 1.0364E+01 1.0364E+01)
(2.0732E+01 2.0732E+01 2.0732E+01 1.5549E+01 1.5549E+01 1.5549E+01 1.0366E+01 1.0366E+01 1.0366E+01)
(2.0735E+01 2.0735E+01 2.0735E+01 1.5551E+01 1.5551E+01 1.5551E+01 1.0368E+01 1.0368E+01 1.0368E+01)
(2.0739E+01 2.0739E+01 2.0739E+01 1.5554E+01 1.5554E+01 1.5554E+01 1.0369E+01 1.0369E+01 1.0369E+01)
(2.0742E+01 2.0742E+01 2.0742E+01 1.5556E+01 1.5556E+01 1.5556E+01 1.0371E+01 1.0371E+01 1.0371E+01)
(2.0745E+01 2.0745E+01 2.0745E+01 1.5559E+01 1.5559E+01 1.5559E+01 1.0373E+01 1.0373E+01 1.0373E+01)
(2.0748E+01 2.0748E+01 2.0748E+01 1.5561E+01 1.5561E+01 1.5561E+01 1.0374E+01 1.0374E+01 1.0374E+01)
(2.0752E+01 2.0752E+01 2.0752E+01 1.5564E+01 1.5564E+01 1.5564E+01 1.0376E+01 1.0376E+01 1.0376E+01)
(2.0755E+01 2.0755E+01 2.0755E+01 1.5566E+01 1.5566E+01 1.5566E+01 1.0378E+01 1.0378E+01 1.0378E+01)
(2.0758E+01 2.0758E+01 2.0758E+01 1.5569E+01 1.5569E+01 1.5569E+01 1.0379E+01 1.0379E+01 1.0379E+01)
(2.0762E+01 2.0762E+01 2.0762E+01 1.5571E+01 1.5571E+01 1.5571E+01 1.0381E+01 1.0381E+01 1.0381E+01)
(2.0765E+01 2.0765E+01 2.0765E+01 1.5574E+01 1.5574E+01 1.5574E+01 1.0382E+01 1.0382E+01 1.0382E+01)
(2.0768E+01 2.0768E+01 2.0768E+01 1.5576E+01 1.5576E+01 1.5576E+01 1.0384E+01 1.0384E+01 1.0384E+01)
(2.0771E+01 2.0771E+01 2.0771E+01 1.5578E+01 1.5578E+01 1.5578E+01 1.0386E+01 1.0386E+01 1.0386E+01)
(2.0774E+01 2.0774E+01 2.0774E+01 1.5581E+01 1.5581E+01 1.5581E+01 1.0387E+01 1.0387E+01 1.0387E+01)
(2.0778E+01 2.0778E+01 2.0778E+01 1.5583E+01 1.5583E+01 1.5583E+01 1.0389E+01 1.0389E+01 1.0389E+01)
(2.0781E+01 2.0781E+01 2.0781E+01 1.5586E+01 1.5586E+01 1.5586E+01 1.0390E+01 1.0390E+01 1.0390E+01)
(2.0784E+01 2.0784E+01 2.0784E+01 1.5588E+01 1.5588E+01 1.5588E+01 1.0392E+01 1.0392E+01 1.0392E+01)
(2.0787E+01 2.0787E+01 2.0787E+01 1.5590E+01 1.5590E+01 1.5590E+01 1.0394E+01 1.0394E+01 1.0394E+01)
(2.0790E+01 2.0790E+01 2.0790E+01 1.5593E+01 1.5593E+01 1.5593E+01 1.0395E+01 1.0395E+01 1.0395E+01)
(2.0793E+01 2.0793E+01 2.0793E+01 1.5595E+01 1.5595E+01 1.5595E+01 1.0397E+01 1.0397E+01 1.0397E+01)
(2.0797E+01 2.0797E+01 2.0797E+01 1.5597E+01 1.5597E+01 1.5597E+01 1.0398E+01 1.0398E+01 1.0398E+01)
(2.0800E+01 2.0800E+01 2.0800E+01 1.5600E+01 1.5600E+01 1.5600E+01 1.0400E+01 1.0400E+01 1.0400E+01)
(2.0803E+01 2.0803E+01 2.0803E+01 1.5602E+01 1.5602E+01 1.5602E+01 1.0401E+01 1.0401E+01 1.0401E+01)
(2.0806E+01 2.0806E+01 2.0806E+01 1.5604E+01 1.5604E+01 1.5604E+01 1.0403E+01 1.0403E+01 1.0403E+01)
(2.0809E+01 2.0809E+01 2.0809E+01 1.5607E+01 1.5607E+01 1.5607E+01 1.0404E+01 1.0404E+01 1.0404E+01)
(2.0812E+01 2.0812E+01 2.0812E+01 1.5609E+01 1.5609E+01 1.5609E+01 1.0406E+01 1.0406E+01 1.0406E+01)
(2.0815E+01 2.0815E+01 2.0815E+01 1.5611E+01 1.5611E+01 1.5611E+01 1.0408E+01 1.0408E+01 1.0408E+01)
(2.0818E+01 2.0818E+01 2.0818E+01 1.5614E+01 1.5614E+01 1.5614E+01 1.0409E+01 1.0409E+01 1.0409E+01)
(2.0821E+01 2.0821E+01 2.0821E+01 1.5616E+01 1.5616E+01 1.5616E+01 1.0411E+01 1.0411E+01 1.0411E+01)
(2.0824E+01 2.0824E+01 2.0824E+01 1.5618E+01 1.5618E+01 1.5618E+01 1.0412E+01 1.0412E+01 1.0412E+01)
(2.0827E+01 2.0827E+01 2.0827E+01 1.5621E+01 1.5621E+01 1.5621E+01 1.0414E+01 1.0414E+01 1.0414E+01)
(2.0830E+01 2.0830E+01 2.0830E+01 1.5623E+01 1.5623E+01 1.5623E+01 1.0415E+01 1.0415E+01 1.0415E+01)
(2.0833E+01 2.0833E+01 2.0833E+01 1.5625E+01 1.5625E+01 1.5625E+01 1.0417E+01 1.0417E+01 1.0417E+01)
(2.0836E+01 2.0836E+01 2.0836E+01 1.5627E+01 1.5627E+01 1.5627E+01 1.0418E+01 1.0418E+01 1.0418E+01)
(2.0840E+01 2.0840E+01 2.0840E+01 1.5630E+01 1.5630E+01 1.5630E+01 1.0420E+01 1.0420E+01 1.0420E+01)
(2.0843E+01 2.0843E+01 2.0843E+01 1.5632E+01 1.5632E+01 1.5632E+01 1.0421E+01 1.0421E+01 1.0421E+01)
(2.0846E+01 2.0846E+01 2.0846E+01 1.5634E+01 1.5634E+01 1.5634E+01 1.0423E+01 1.0423E+01 1.0423E+01)
(2.0849E+01 2.0849E+01 2.0849E+01 1.5636E+01 1.5636E+01 1.5636E+01 1.0424E+01 1.0424E+01 1.0424E+01)
(2.0851E+01 2.0851E+01 2.0851E+01 1.5639E+01 1.5639E+01 1.5639E+01 1.0426E+01 1.0426E+01 1.0426E+01)
(2.0854E+01 2.0854E+01 2.0854E+01 1.5641E+01 1.5641E+01 1.5641E+01 1.0427E+01 1.0427E+01 1.0427E+01)
(2.0857E+01 2.0857E+01 2.0857E+01 1.5643E+01 1.5643E+01 1.5643E+01 1.0429E+01 1.0429E+01 1.0429E+01)
(2.0860E+01 2.0860E+01 2.0860E+01 1.5645E+01 1.5645E+01 1.5645E+01 1.0430E+01 1.0430E+01 1.0430E+01)
(2.0863E+01 2.0863E+01 2.0863E+01 1.5648E+01 1.5648E+01 1.5648E+01 1.0432E+01 1.0432E+01 1.0432E+01)
(2.0866E+01 2.0866E+01 2.0866E+01 1.5650E+01 1.5650E+01 1.5650E+01 1.0433E+01 1.0433E+01 1.0433E+01)
(2.0869E+01 2.0869E+01 2.0869E+01 1.5652E+01 1.5652E+01 1.5652E+01 1.0435E+01 1.0435E+01 1.0435E+01)
(2.0872E+01 2.0872E+01 2.0872E+01 1.5654E+01 1.5654E+01 1.5654E+01 1.0436E+01 1.0436E+01 1.0436E+01)
(2.0875E+01 2.0875E+01 2.0875E+01 1.5656E+01 1.5656E+01 1.5656E+01 1.0438E+01 1.0438E+01 1.0438E+01)
(2.0878E+01 2.0878E+01 2.0878E+01 1.5658E+01 1.5658E+01 1.5658E+01 1.0439E+01 1.0439E+01 1.0439E+01)
(2.0881E+01 2.0881E+01 2.0881E+01 1.5661E+01 1.5661E+01 1.5661E+01 1.0440E+01 1.0440E+01 1.0440E+01)
(2.0884E+01 2.0884E+01 2.0884E+01 1.5663E+01 1.5663E+01 1.5663E+01 1.0442E+01 1.0442E+01 1.0442E+01)
(2.0887E+01 2.0887E+01 2.0887E+01 1.5665E+01 1.5665E+01 1.5665E+01 1.0443E+01 1.0443E+01 1.0443E+01)
(2.0890E+01 2.0890E+01 2.0890E+01 1.5667E+01 1.5667E+01 1.5667E+01 1.0445E+01 1.0445E+01 1.0445E+01)
(2.0892E+01 2.0892E+01 2.0892E+01 1.5669E+01 1.5669E+01 1.5669E+01 1.0446E+01 1.0446E+01 1.0446E+01)
(2.0895E+01 2.0895E+01 2.0895E+01 1.5671E+01 1.5671E+01 1.5671E+01 1.0448E+01 1.0448E+01 1.0448E+01)
(2.0898E+01 2.0898E+01 2.0898E+01 1.5674E+01 1.5674E+01 1.5674E+01 1.0449E+01 1.0449E+01 1.0449E+01)
(2.0901E+01 2.0901E+01 2.0901E+01 1.5676E+01 1.5676E+01 1.5676E+01 1.0450E+01 1.0450E+01 1.0450E+01)
(2.0904E+01 2.0904E+01 2.0904E+01 1.5678E+01 1.5678E+01 1.5678E+01 1.0452E+01 1.0452E+01 1.0452E+01)
(2.0907E+01 2.0907E+01 2.0907E+01 1.5680E+01 1.5680E+01 1.5680E+01 1.0453E+01 1.0453E+01 1.0453E+01)
(2.0910E+01 2.0910E+01 2.0910E+01 1.5682E+01 1.5682E+01 1.5682E+01 1.0455E+01 1.0455E+01 1.0455E+01)
(2.0912E+01 2.0912E+01 2.0912E+01 1.5684E+01 1.5684E+01 1.5684E+01 1.0456E+01 1.0456E+01 1.0456E+01)
(2.0915E+01 2.0915E+01 2.0915E+01 1.5686E+01 1.5686E+01 1.5686E+01 1.0458E+01 1.0458E+01 1.0458E+01)
(2.0918E+01 2.0918E+01 2.0918E+01 1.5688E+01 1.5688E+01 1.5688E+01 1.0459E+01 1.0459E+01 1.0459E+01)
(2.0921E+01 2.0921E+01 2.0921E+01 1.5691E+01 1.5691E+01 1.5691E+01 1.0460E+01 1.0460E+01 1.0460E+01)
(2.0924E+01 2.0924E+01 2.0924E+01 1.5693E+01 1.5693E+01 1.5693E+01 1.0462E+01 1.0462E+01 1.0462E+01)
(2.0926E+01 2.0926E+01 2.0926E+01 1.5695E+01 1.5695E+01 1.5695E+01 1.0463E+01 1.0463E+01 1.0463E+01)
(2.0929E+01 2.0929E+01 2.0929E+01 1.5697E+01 1.5697E+01 1.5697E+01 1.0465E+01 1.0465E+01 1.0465E+01)
(2.0932E+01 2.0932E+01 2.0932E+01 1.5699E+01 1.5699E+01 1.5699E+01 1.0466E+01 1.0466E+01 1.0466E+01)
(2.0935E+01 2.0935E+01 2.0935E+01 1.5701E+01 1.5701E+01 1.5701E+01 1.0467E+01 1.0467E+01 1.0467E+01)
(2.0937E+01 2.0937E+01 2.0937E+01 1.5703E+01 1.5703E+01 1.5703E+01 1.0469E+01 1.0469E+01 1.0469E+01)
(2.0940E+01 2.0940E+01 2.0940E+01 1.5705E+01 1.5705E+01 1.5705E+01 1.0470E+01 1.0470E+01 1.0470E+01)
(2.0943E+01 2.0943E+01 2.0943E+01 1.5707E+01 1.5707E+01 1.5707E+01 1.0471E+01 1.0471E+01 1.0471E+01)
(2.0946E+01 2.0946E+01 2.0946E+01 1.5709E+01 1.5709E+01 1.5709E+01 1.0473E+01 1.0473E+01 1.0473E+01)
(2.0948E+01 2.0948E+01 2.0948E+01 1.5711E+01 1.5711E+01 1.5711E+01 1.0474E+01 1.0474E+01 1.0474E+01)
(2.0951E+01 2.0951E+01 2.0951E+01 1.5713E+01 1.5713E+01 1.5713E+01 1.0476E+01 1.0476E+01 1.0476E+01)
(2.0954E+01 2.0954E+01 2.0954E+01 1.5715E+01 1.5715E+01 1.5715E+01 1.0477E+01 1.0477E+01 1.0477E+01)
(2.0957E+01 2.0957E+01 2.0957E+01 1.5717E+01 1.5717E+01 1.5717E+01 1.0478E+01 1.0478E+01 1.0478E+01)
(2.0959E+01 2.0959E+01 2.0959E+01 1.5719E+01 1.5719E+01 1.5719E+01 1.0480E+01 1.0480E+01 1.0480E+01)
(2.0962E+01 2.0962E+01 2.0962E+01 1.5721E+01 1.5721E+01 1.5721E+01 1.0481E+01 1.0481E+01 1.0481E+01)
(2.0965E+01 2.0965E+01 2.0965E+01 1.5723E+01 1.5723E+01 1.5723E+01 1.0482E+01 1.0482E+01 1.0482E+01)
(2.0967E+01 2.0967E+01 2.0967E+01 1.5725E+01 1.5725E+01 1.5725E+01 1.0484E+01 1.0484E+01 1.0484E+01)
(2.0970E+01 2.0970E+01 2.0970E+01 1.5727E+01 1.5727E+01 1.5727E+01 1.0485E+01 1.0485E+01 1.0485E+01)
(2.0973E+01 2.0973E+01 2.0973E+01 1.5729E+01 1.5729E+01 1.5729E+01 1.0486E+01 1.0486E+01 1.0486E+01)
(2.0975E+01 2.0975E+01 2.0975E+01 1.5731E+01 1.5731E+01 1.5731E+01 1.0488E+01 1.0488E+01 1.0488E+01)
(2.0978E+01 2.0978E+01 2.0978E+01 1.5733E+01 1.5733E+01 1.5733E+01 1.0489E+01 1.0489E+01 1.0489E+01)
(2.0981E+01 2.0981E+01 2.0981E+01 1.5735E+01 1.5735E+01 1.5735E+01 1.0490E+01 1.0490E+01 1.0490E+01)
(2.0983E+01 2.0983E+01 2.0983E+01 1.5737E+01 1.5737E+01 1.5737E+01 1.0492E+01 1.0492E+01 1.0492E+01)
(2.0986E+01 2.0986E+01 2.0986E+01 1.5739E+01 1.5739E+01 1.5739E+01 1.0493E+01 1.0493E+01 1.0493E+01)
(2.0989E+01 2.0989E+01 2.0989E+01 1.5741E+01 1.5741E+01 1.5741E+01 1.0494E+01 1.0494E+01 1.0494E+01)
(2.0991E+01 2.0991E+01 2.0991E+01 1.5743E+01 1.5743E+01 1.5743E+01 1.0496E+01 1.0496E+01 1.0496E+01)
(0.0000E+00 0.0000E+00 0.0000E+00 0.0000E+00 0.0000E+00 0.0000E+00 0.0000E+00 0.0000E+00 0.0000E+00)
(1.5557E+01 1.5557E+01 1.5557E+01 1.1668E+01 1.1668E+01 1.1668E+01 7.7786E+00 7.7786E+00 7.7786E+00)
(1.6106E+01 1.6106E+01 1.6106E+01 1.2079E+01 1.2079E+01 1.2079E+01 8.0530E+00 8.0530E+00 8.0530E+00)
(1.6436E+01 1.6436E+01 1.6436E+01 1.2327E+01 1.2327E+01 1.2327E+01 8.2179E+00 8.2179E+00 8.2179E+00)
(1.6674E+01 1.6674E+01 1.6674E+01 1.2505E+01 1.2505E+01 1.2505E+01 8.3369E+00 8.3369E+00 8.3369E+00)
(1.6861E+01 1.6861E+01 1.6861E+01 1.2646E+01 1.2646E+01 1.2646E+01 8.4305E+00 8.4305E+00 8.4305E+00)
(1.7015E+01 1.7015E+01 1.7015E+01 1.2762E+01 1.2762E+01 1.2762E+01 8.5077E+00 8.5077E+00 8.5077E+00)
(1.7147E+01 1.7147E+01 1.7147E+01 1.2860E+01 1.2860E+01 1.2860E+01 8.5735E+00 8.5735E+00 8.5735E+00)
(1.7262E+01 1.7262E+01 1.7262E+01 1.2946E+01 1.2946E+01 1.2946E+01 8.6309E+00 8.6309E+00 8.6309E+00)
(1.7364E+01 1.7364E+01 1.7364E+01 1.3023E+01 1.3023E+01 1.3023E+01 8.6819E+00 8.6819E+00 8.6819E+00)
(1.7456E+01 1.7456E+01 1.7456E+01 1.3092E+01 1.3092E+01 1.3092E+01 8.7278E+00 8.7278E+00 8.7278E+00)
(1.7539E+01 1.7539E+01 1.7539E+01 1.3154E+01 1.3154E+01 1.3154E+01 8.7695E+00 8.7695E+00 8.7695E+00)
(1.7615E+01 1.7615E+01 1.7615E+01 1.3212E+01 1.3212E+01 1.3212E+01 8.8077E+00 8.8077E+00 8.8077E+00)
(1.7686E+01 1.7686E+01 1.7686E+01 1.3265E+01 1.3265E+01 1.3265E+01 8.8430E+00 8.8430E+00 8.8430E+00)
(1.7752E+01 1.7752E+01 1.7752E+01 1.3314E+01 1.3314E+01 1.3314E+01 8.8759E+00 8.8759E+00 8.8759E+00)
(1.7813E+01 1.7813E+01 1.7813E+01 1.3360E+01 1.3360E+01 1.3360E+01 8.9065E+00 8.9065E+00 8.9065E+00)
(1.7871E+01 1.7871E+01 1.7871E+01 1.3403E+01 1.3403E+01 1.3403E+01 8.9353E+00 8.9353E+00 8.9353E+00)
(1.7925E+01 1.7925E+01 1.7925E+01 1.3444E+01 1.3444E+01 1.3444E+01 8.9624E+00 8.9624E+00 8.9624E+00)
(1.7976E+01 1.7976E+01 1.7976E+01 1.3482E+01 1.3482E+01 1.3482E+01 8.9881E+00 8.9881E+00 8.9881E+00)
(1.8025E+01 1.8025E+01 1.8025E+01 1.3519E+01 1.3519E+01 1.3519E+01 9.0124E+00 9.0124E+00 9.0124E+00)
(1.8071E+01 1.8071E+01 1.8071E+01 1.3553E+01 1.3553E+01 1.3553E+01 9.0356E+00 9.0356E+00 9.0356E+00)
(1.8115E+01 1.8115E+01 1.8115E+01 1.3586E+01 1.3586E+01 1.3586E+01 9.0576E+00 9.0576E+00 9.0576E+00)
(1.8157E+01 1.8157E+01 1.8157E+01 1.3618E+01 1.3618E+01 1.3618E+01 9.0787E+00 9.0787E+00 9.0787E+00)
(1.8198E+01 1.8198E+01 1.8198E+01 1.3648E+01 1.3648E+01 1.3648E+01 9.0989E+00 9.0989E+00 9.0989E+00)
(1.8237E+01 1.8237E+01 1.8237E+01 1.3677E+01 1.3677E+01 1.3677E+01 9.1183E+00 9.1183E+00 9.1183E+00)
(1.8274E+01 1.8274E+01 1.8274E+01 1.3705E+01 1.3705E+01 1.3705E+01 9.1369E+00 9.1369E+00 9.1369E+00)
(1.8310E+01 1.8310E+01 1.8310E+01 1.3732E+01 1.3732E+01 1.3732E+01 9.1549E+00 9.1549E+00 9.1549E+00)
(1.8344E+01 1.8344E+01 1.8344E+01 1.3758E+01 1.3758E+01 1.3758E+01 9.1722E+00 9.1722E+00 9.1722E+00)
(1.8378E+01 1.8378E+01 1.8378E+01 1.3783E+01 1.3783E+01 1.3783E+01 9.1889E+00 9.1889E+00 9.1889E+00)
(1.8410E+01 1.8410E+01 1.8410E+01 1.3807E+01 1.3807E+01 1.3807E+01 9.2050E+00 9.2050E+00 9.2050E+00)
(1.8441E+01 1.8441E+01 1.8441E+01 1.3831E+01 1.3831E+01 1.3831E+01 9.2206E+00 9.2206E+00 9.2206E+00)
(1.8471E+01 1.8471E+01 1.8471E+01 1.3854E+01 1.3854E+01 1.3854E+01 9.2357E+00 9.2357E+00 9.2357E+00)
(1.8501E+01 1.8501E+01 1.8501E+01 1.3876E+01 1.3876E+01 1.3876E+01 9.2504E+00 9.2504E+00 9.2504E+00)
(1.8529E+01 1.8529E+01 1.8529E+01 1.3897E+01 1.3897E+01 1.3897E+01 9.2647E+00 9.2647E+00 9.2647E+00)
(1.8557E+01 1.8557E+01 1.8557E+01 1.3918E+01 1.3918E+01 1.3918E+01 9.2785E+00 9.2785E+00 9.2785E+00)
(1.8584E+01 1.8584E+01 1.8584E+01 1.3938E+01 1.3938E+01 1.3938E+01 9.2920E+00 9.2920E+00 9.2920E+00)
(1.8610E+01 1.8610E+01 1.8610E+01 1.3958E+01 1.3958E+01 1.3958E+01 9.3051E+00 9.3051E+00 9.3051E+00)
(1.8636E+01 1.8636E+01 1.8636E+01 1.3977E+01 1.3977E+01 1.3977E+01 9.3178E+00 9.3178E+00 9.3178E+00)
(1.8660E+01 1.8660E+01 1.8660E+01 1.3995E+01 1.3995E+01 1.3995E+01 9.3302E+00 9.3302E+00 9.3302E+00)
(1.8685E+01 1.8685E+01 1.8685E+01 1.4014E+01 1.4014E+01 1.4014E+01 9.3424E+00 9.3424E+00 9.3424E+00)
(1.8708E+01 1.8708E+01 1.8708E+01 1.4031E+01 1.4031E+01 1.4031E+01 9.3542E+00 9.3542E+00 9.3542E+00)
(1.8732E+01 1.8732E+01 1.8732E+01 1.4049E+01 1.4049E+01 1.4049E+01 9.3658E+00 9.3658E+00 9.3658E+00)
(1.8754E+01 1.8754E+01 1.8754E+01 1.4066E+01 1.4066E+01 1.4066E+01 9.3770E+00 9.3770E+00 9.3770E+00)
(1.8776E+01 1.8776E+01 1.8776E+01 1.4082E+01 1.4082E+01 1.4082E+01 9.3881E+00 9.3881E+00 9.3881E+00)
(1.8798E+01 1.8798E+01 1.8798E+01 1.4098E+01 1.4098E+01 1.4098E+01 9.3989E+00 9.3989E+00 9.3989E+00)
(1.8819E+01 1.8819E+01 1.8819E+01 1.4114E+01 1.4114E+01 1.4114E+01 9.4095E+00 9.4095E+00 9.4095E+00)
(1.8840E+01 1.8840E+01 1.8840E+01 1.4130E+01 1.4130E+01 1.4130E+01 9.4198E+00 9.4198E+00 9.4198E+00)
(1.8860E+01 1.8860E+01 1.8860E+01 1.4145E+01 1.4145E+01 1.4145E+01 9.4299E+00 9.4299E+00 9.4299E+00)
(1.8880E+01 1.8880E+01 1.8880E+01 1.4160E+01 1.4160E+01 1.4160E+01 9.4399E+00 9.4399E+00 9.4399E+00)
(1.8899E+01 1.8899E+01 1.8899E+01 1.4174E+01 1.4174E+01 1.4174E+01 9.4496E+00 9.4496E+00 9.4496E+00)
(1.8918E+01 1.8918E+01 1.8918E+01 1.4189E+01 1.4189E+01 1.4189E+01 9.4592E+00 9.4592E+00 9.4592E+00)
(1.8937E+01 1.8937E+01 1.8937E+01 1.4203E+01 1.4203E+01 1.4203E+01 9.4685E+00 9.4685E+00 9.4685E+00)
(1.8955E+01 1.8955E+01 1.8955E+01 1.4217E+01 1.4217E+01 1.4217E+01 9.4777E+00 9.4777E+00 9.4777E+00)
(1.8973E+01 1.8973E+01 1.8973E+01 1.4230E+01 1.4230E+01 1.4230E+01 9.4867E+00 9.4867E+00 9.4867E+00)
(1.8991E+01 1.8991E+01 1.8991E+01 1.4243E+01 1.4243E+01 1.4243E+01 9.4956E+00 9.4956E+00 9.4956E+00)
(1.9009E+01 1.9009E+01 1.9009E+01 1.4257E+01 1.4257E+01 1.4257E+01 9.5043E+00 9.5043E+00 9.5043E+00)
(1.9026E+01 1.9026E+01 1.9026E+01 1.4269E+01 1.4269E+01 1.4269E+01 9.5129E+00 9.5129E+00 9.5129E+00)
(1.9043E+01 1.9043E+01 1.9043E+01 1.4282E+01 1.4282E+01 1.4282E+01 9.5213E+00 9.5213E+00 9.5213E+00)
(1.9059E+01 1.9059E+01 1.9059E+01 1.4294E+01 1.4294E+01 1.4294E+01 9.5296E+00 9.5296E+00 9.5296E+00)
(1.9076E+01 1.9076E+01 1.9076E+01 1.4307E+01 1.4307E+01 1.4307E+01 9.5378E+00 9.5378E+00 9.5378E+00)
(1.9092E+01 1.9092E+01 1.9092E+01 1.4319E+01 1.4319E+01 1.4319E+01 9.5458E+00 9.5458E+00 9.5458E+00)
(1.9107E+01 1.9107E+01 1.9107E+01 1.4331E+01 1.4331E+01 1.4331E+01 9.5537E+00 9.5537E+00 9.5537E+00)
(1.9123E+01 1.9123E+01 1.9123E+01 1.4342E+01 1.4342E+01 1.4342E+01 9.5614E+00 9.5614E+00 9.5614E+00)
(1.9138E+01 1.9138E+01 1.9138E+01 1.4354E+01 1.4354E+01 1.4354E+01 9.5691E+00 9.5691E+00 9.5691E+00)
(1.9153E+01 1.9153E+01 1.9153E+01 1.4365E+01 1.4365E+01 1.4365E+01 9.5766E+00 9.5766E+00 9.5766E+00)
(1.9168E+01 1.9168E+01 1.9168E+01 1.4376E+01 1.4376E+01 1.4376E+01 9.5841E+00 9.5841E+00 9.5841E+00)
(1.9183E+01 1.9183E+01 1.9183E+01 1.4387E+01 1.4387E+01 1.4387E+01 9.5914E+00 9.5914E+00 9.5914E+00)
(1.9197E+01 1.9197E+01 1.9197E+01 1.4398E+01 1.4398E+01 1.4398E+01 9.5986E+00 9.5986E+00 9.5986E+00)
(1.9211E+01 1.9211E+01 1.9211E+01 1.4409E+01 1.4409E+01 1.4409E+01 9.6057E+00 9.6057E+00 9.6057E+00)
(1.9225E+01 1.9225E+01 1.9225E+01 1.4419E+01 1.4419E+01 1.4419E+01 9.6127E+00 9.6127E+00 9.6127E+00)
(1.9239E+01 1.9239E+01 1.9239E+01 1.4429E+01 1.4429E+01 1.4429E+01 9.6196E+00 9.6196E+00 9.6196E+00)
(1.9253E+01 1.9253E+01 1.9253E+01 1.4440E+01 1.4440E+01 1.4440E+01 9.6265E+00 9.6265E+00 9.6265E+00)
(1.9266E+01 1.9266E+01 1.9266E+01 1.4450E+01 1.4450E+01 1.4450E+01 9.6332E+00 9.6332E+00 9.6332E+00)
(1.9280E+01 1.9280E+01 1.9280E+01 1.4460E+01 1.4460E+01 1.4460E+01 9.6398E+00 9.6398E+00 9.6398E+00)
(1.9293E+01 1.9293E+01 1.9293E+01 1.4470E+01 1.4470E+01 1.4470E+01 9.6464E+00 9.6464E+00 9.6464E+00)
(1.9306E+01 1.9306E+01 1.9306E+01 1.4479E+01 1.4479E+01 1.4479E+01 9.6529E+00 9.6529E+00 9.6529E+00)
(1.9319E+01 1.9319E+01 1.9319E+01 1.4489E+01 1.4489E+01 1.4489E+01 9.6593E+00 9.6593E+00 9.6593E+00)
(1.9331E+01 1.9331E+01 1.9331E+01 1.4498E+01 1.4498E+01 1.4498E+01 9.6656E+00 9.6656E+00 9.6656E+00)
(1.9344E+01 1.9344E+01 1.9344E+01 1.4508E+01 1.4508E+01 1.4508E+01 9.6718E+00 9.6718E+00 9.6718E+00)
(1.9356E+01 1.9356E+01 1.9356E+01 1.4517E+01 1.4517E+01 1.4517E+01 9.6780E+00 9.6780E+00 9.6780E+00)
(1.9368E+01 1.9368E+01 1.9368E+01 1.4526E+01 1.4526E+01 1.4526E+01 9.6841E+00 9.6841E+00 9.6841E+00)
(1.9380E+01 1.9380E+01 1.9380E+01 1.4535E+01 1.4535E+01 1.4535E+01 9.6901E+00 9.6901E+00 9.6901E+00)
(1.9392E+01 1.9392E+01 1.9392E+01 1.4544E+01 1.4544E+01 1.4544E+01 9.6960E+00 9.6960E+00 9.6960E+00)
(1.9404E+01 1.9404E+01 1.9404E+01 1.4553E+01 1.4553E+01 1.4553E+01 9.7019E+00 9.7019E+00 9.7019E+00)
(1.9415E+01 1.9415E+01 1.9415E+01 1.4562E+01 1.4562E+01 1.4562E+01 9.7077E+00 9.7077E+00 9.7077E+00)
(1.9427E+01 1.9427E+01 1.9427E+01 1.4570E+01 1.4570E+01 1.4570E+01 9.7135E+00 9.7135E+00 9.7135E+00)
(1.9438E+01 1.9438E+01 1.9438E+01 1.4579E+01 1.4579E+01 1.4579E+01 9.7192E+00 9.7192E+00 9.7192E+00)
(1.9450E+01 1.9450E+01 1.9450E+01 1.4587E+01 1.4587E+01 1.4587E+01 9.7248E+00 9.7248E+00 9.7248E+00)
(1.9461E+01 1.9461E+01 1.9461E+01 1.4596E+01 1.4596E+01 1.4596E+01 9.7303E+00 9.7303E+00 9.7303E+00)
(1.9472E+01 1.9472E+01 1.9472E+01 1.4604E+01 1.4604E+01 1.4604E+01 9.7358E+00 9.7358E+00 9.7358E+00)
(1.9483E+01 1.9483E+01 1.9483E+01 1.4612E+01 1.4612E+01 1.4612E+01 9.7413E+00 9.7413E+00 9.7413E+00)
(1.9493E+01 1.9493E+01 1.9493E+01 1.4620E+01 1.4620E+01 1.4620E+01 9.7467E+00 9.7467E+00 9.7467E+00)
(1.9504E+01 1.9504E+01 1.9504E+01 1.4628E+01 1.4628E+01 1.4628E+01 9.7520E+00 9.7520E+00 9.7520E+00)
(1.9515E+01 1.9515E+01 1.9515E+01 1.4636E+01 1.4636E+01 1.4636E+01 9.7573E+00 9.7573E+00 9.7573E+00)
(1.9525E+01 1.9525E+01 1.9525E+01 1.4644E+01 1.4644E+01 1.4644E+01 9.7625E+00 9.7625E+00 9.7625E+00)
(1.9535E+01 1.9535E+01 1.9535E+01 1.4651E+01 1.4651E+01 1.4651E+01 9.7676E+00 9.7676E+00 9.7676E+00)
(1.9546E+01 1.9546E+01 1.9546E+01 1.4659E+01 1.4659E+01 1.4659E+01 9.7728E+00 9.7728E+00 9.7728E+00)
(1.9556E+01 1.9556E+01 1.9556E+01 1.4667E+01 1.4667E+01 1.4667E+01 9.7778E+00 9.7778E+00 9.7778E+00)
(1.9566E+01 1.9566E+01 1.9566E+01 1.4674E+01 1.4674E+01 1.4674E+01 9.7828E+00 9.7828E+00 9.7828E+00)
(1.9576E+01 1.9576E+01 1.9576E+01 1.4682E+01 1.4682E+01 1.4682E+01 9.7878E+00 9.7878E+00 9.7878E+00)
(1.9585E+01 1.9585E+01 1.9585E+01 1.4689E+01 1.4689E+01 1.4689E+01 9.7927E+00 9.7927E+00 9.7927E+00)
(1.9595E+01 1.9595E+01 1.9595E+01 1.4696E+01 1.4696E+01 1.4696E+01 9.7976E+00 9.7976E+00 9.7976E+00)
(1.9605E+01 1.9605E+01 1.9605E+01 1.4704E+01 1.4704E+01 1.4704E+01 9.8024E+00 9.8024E+00 9.8024E+00)
(1.9614E+01 1.9614E+01 1.9614E+01 1.4711E+01 1.4711E+01 1.4711E+01 9.8072E+00 9.8072E+00 9.8072E+00)
(1.9624E+01 1.9624E+01 1.9624E+01 1.4718E+01 1.4718E+01 1.4718E+01 9.8119E+00 9.8119E+00 9.8119E+00)
(1.9633E+01 1.9633E+01 1.9633E+01 1.4725E+01 1.4725E+01 1.4725E+01 9.8166E+00 9.8166E+00 9.8166E+00)
(1.9643E+01 1.9643E+01 1.9643E+01 1.4732E+01 1.4732E+01 1.4732E+01 9.8213E+00 9.8213E+00 9.8213E+00)
(1.9652E+01 1.9652E+01 1.9652E+01 1.4739E+01 1.4739E+01 1.4739E+01 9.8259E+00 9.8259E+00 9.8259E+00)
(1.9661E+01 1.9661E+01 1.9661E+01 1.4746E+01 1.4746E+01 1.4746E+01 9.8305E+00 9.8305E+00 9.8305E+00)
(1.9670E+01 1.9670E+01 1.9670E+01 1.4753E+01 1.4753E+01 1.4753E+01 9.8350E+00 9.8350E+00 9.8350E+00)
(1.9679E+01 1.9679E+01 1.9679E+01 1.4759E+01 1.4759E+01 1.4759E+01 9.8395E+00 9.8395E+00 9.8395E+00)
(1.9688E+01 1.9688E+01 1.9688E+01 1.4766E+01 1.4766E+01 1.4766E+01 9.8440E+00 9.8440E+00 9.8440E+00)
(1.9697E+01 1.9697E+01 1.9697E+01 1.4773E+01 1.4773E+01 1.4773E+01 9.8484E+00 9.8484E+00 9.8484E+00)
(1.9706E+01 1.9706E+01 1.9706E+01 1.4779E+01 1.4779E+01 1.4779E+01 9.8528E+00 9.8528E+00 9.8528E+00)
(1.9714E+01 1.9714E+01 1.9714E+01 1.4786E+01 1.4786E+01 1.4786E+01 9.8571E+00 9.8571E+00 9.8571E+00)
(1.9723E+01 1.9723E+01 1.9723E+01 1.4792E+01 1.4792E+01 1.4792E+01 9.8614E+00 9.8614E+00 9.8614E+00)
(1.9731E+01 1.9731E+01 1.9731E+01 1.4799E+01 1.4799E+01 1.4799E+01 9.8657E+00 9.8657E+00 9.8657E+00)
(1.9740E+01 1.9740E+01 1.9740E+01 1.4805E+01 1.4805E+01 1.4805E+01 9.8699E+00 9.8699E+00 9.8699E+00)
(1.9748E+01 1.9748E+01 1.9748E+01 1.4811E+01 1.4811E+01 1.4811E+01 9.8741E+00 9.8741E+00 9.8741E+00)
(1.9757E+01 1.9757E+01 1.9757E+01 1.4817E+01 1.4817E+01 1.4817E+01 9.8783E+00 9.8783E+00 9.8783E+00)
(1.9765E+01 1.9765E+01 1.9765E+01 1.4824E+01 1.4824E+01 1.4824E+01 9.8824E+00 9.8824E+00 9.8824E+00)
(1.9773E+01 1.9773E+01 1.9773E+01 1.4830E+01 1.4830E+01 1.4830E+01 9.8865E+00 9.8865E+00 9.8865E+00)
(1.9781E+01 1.9781E+01 1.9781E+01 1.4836E+01 1.4836E+01 1.4836E+01 9.8906E+00 9.8906E+00 9.8906E+00)
(1.9789E+01 1.9789E+01 1.9789E+01 1.4842E+01 1.4842E+01 1.4842E+01 9.8946E+00 9.8946E+00 9.8946E+00)
(1.9797E+01 1.9797E+01 1.9797E+01 1.4848E+01 1.4848E+01 1.4848E+01 9.8986E+00 9.8986E+00 9.8986E+00)
(1.9805E+01 1.9805E+01 1.9805E+01 1.4854E+01 1.4854E+01 1.4854E+01 9.9026E+00 9.9026E+00 9.9026E+00)
(1.9813E+01 1.9813E+01 1.9813E+01 1.4860E+01 1.4860E+01 1.4860E+01 9.9065E+00 9.9065E+00 9.9065E+00)
(1.9821E+01 1.9821E+01 1.9821E+01 1.4866E+01 1.4866E+01 1.4866E+01 9.9105E+00 9.9105E+00 9.9105E+00)
(1.9829E+01 1.9829E+01 1.9829E+01 1.4872E+01 1.4872E+01 1.4872E+01 9.9143E+00 9.9143E+00 9.9143E+00)
(1.9836E+01 1.9836E+01 1.9836E+01 1.4877E+01 1.4877E+01 1.4877E+01 9.9182E+00 9.9182E+00 9.9182E+00)
(1.9844E+01 1.9844E+01 1.9844E+01 1.4883E+01 1.4883E+01 1.4883E+01 9.9220E+00 9.9220E+00 9.9220E+00)
(1.9852E+01 1.9852E+01 1.9852E+01 1.4889E+01 1.4889E+01 1.4889E+01 9.9258E+00 9.9258E+00 9.9258E+00)
(1.9859E+01 1.9859E+01 1.9859E+01 1.4894E+01 1.4894E+01 1.4894E+01 9.9296E+00 9.9296E+00 9.9296E+00)
(1.9867E+01 1.9867E+01 1.9867E+01 1.4900E+01 1.4900E+01 1.4900E+01 9.9334E+00 9.9334E+00 9.9334E+00)
(1.9874E+01 1.9874E+01 1.9874E+01 1.4906E+01 1.4906E+01 1.4906E+01 9.9371E+00 9.9371E+00 9.9371E+00)
(1.9882E+01 1.9882E+01 1.9882E+01 1.4911E+01 1.4911E+01 1.4911E+01 9.9408E+00 9.9408E+00 9.9408E+00)
(1.9889E+01 1.9889E+01 1.9889E+01 1.4917E+01 1.4917E+01 1.4917E+01 9.9444E+00 9.9444E+00 9.9444E+00)
(1.9896E+01 1.9896E+01 1.9896E+01 1.4922E+01 1.4922E+01 1.4922E+01 9.9481E+00 9.9481E+00 9.9481E+00)
(1.9903E+01 1.9903E+01 1.9903E+01 1.4928E+01 1.4928E+01 1.4928E+01 9.9517E+00 9.9517E+00 9.9517E+00)
(1.9911E+01 1.9911E+01 1.9911E+01 1.4933E+01 1.4933E+01 1.4933E+01 9.9553E+00 9.9553E+00 9.9553E+00)
(1.9918E+01 1.9918E+01 1.9918E+01 1.4938E+01 1.4938E+01 1.4938E+01 9.9589E+00 9.9589E+00 9.9589E+00)
(1.9925E+01 1.9925E+01 1.9925E+01 1.4944E+01 1.4944E+01 1.4944E+01 9.9624E+00 9.9624E+00 9.9624E+00)
(1.9932E+01 1.9932E+01 1.9932E+01 1.4949E+01 1.4949E+01 1.4949E+01 9.9659E+00 9.9659E+00 9.9659E+00)
(1.9939E+01 1.9939E+01 1.9939E+01 1.4954E+01 1.4954E+01 1.4954E+01 9.9694E+00 9.9694E+00 9.9694E+00)
(1.9946E+01 1.9946E+01 1.9946E+01 1.4959E+01 1.4959E+01 1.4959E+01 9.9729E+00 9.9729E+00 9.9729E+00)
(1.9953E+01 1.9953E+01 1.9953E+01 1.4965E+01 1.4965E+01 1.4965E+01 9.9764E+00 9.9764E+00 9.9764E+00)
(1.9960E+01 1.9960E+01 1.9960E+01 1.4970E+01 1.4970E+01 1.4970E+01 9.9798E+00 9.9798E+00 9.9798E+00)
(1.9966E+01 1.9966E+01 1.9966E+01 1.4975E+01 1.4975E+01 1.4975E+01 9.9832E+00 9.9832E+00 9.9832E+00)
(1.9973E+01 1.9973E+01 1.9973E+01 1.4980E+01 1.4980E+01 1.4980E+01 9.9866E+00 9.9866E+00 9.9866E+00)
(1.9980E+01 1.9980E+01 1.9980E+01 1.4985E+01 1.4985E+01 1.4985E+01 9.9899E+00 9.9899E+00 9.9899E+00)
(1.9987E+01 1.9987E+01 1.9987E+01 1.4990E+01 1.4990E+01 1.4990E+01 9.9933E+00 9.9933E+00 9.9933E+00)
(1.9993E+01 1.9993E+01 1.9993E+01 1.4995E+01 1.4995E+01 1.4995E+01 9.9966E+00 9.9966E+00 9.9966E+00)
(2.0000E+01 2.0000E+01 2.0000E+01 1.5000E+01 1.5000E+01 1.5000E+01 9.9999E+00 9.9999E+00 9.9999E+00)
(2.0006E+01 2.0006E+01 2.0006E+01 1.5005E+01 1.5005E+01 1.5005E+01 1.0003E+01 1.0003E+01 1.0003E+01)
(2.0013E+01 2.0013E+01 2.0013E+01 1.5010E+01 1.5010E+01 1.5010E+01 1.0006E+01 1.0006E+01 1.0006E+01)
(2.0019E+01 2.0019E+01 2.0019E+01 1.5015E+01 1.5015E+01 1.5015E+01 1.0010E+01 1.0010E+01 1.0010E+01)
(2.0026E+01 2.0026E+01 2.0026E+01 1.5019E+01 1.5019E+01 1.5019E+01 1.0013E+01 1.0013E+01 1.0013E+01)
(2.0032E+01 2.0032E+01 2.0032E+01 1.5024E+01 1.5024E+01 1.5024E+01 1.0016E+01 1.0016E+01 1.0016E+01)
(2.0039E+01 2.0039E+01 2.0039E+01 1.5029E+01 1.5029E+01 1.5029E+01 1.0019E+01 1.0019E+01 1.0019E+01)
(2.0045E+01 2.0045E+01 2.0045E+01 1.5034E+01 1.5034E+01 1.5034E+01 1.0022E+01 1.0022E+01 1.0022E+01)
(2.0051E+01 2.0051E+01 2.0051E+01 1.5038E+01 1.5038E+01 1.5038E+01 1.0026E+01 1.0026E+01 1.0026E+01)
(2.0057E+01 2.0057E+01 2.0057E+01 1.5043E+01 1.5043E+01 1.5043E+01 1.0029E+01 1.0029E+01 1.0029E+01)
(2.0064E+01 2.0064E+01 2.0064E+01 1.5048E+01 1.5048E+01 1.5048E+01 1.0032E+01 1.0032E+01 1.0032E+01)
(2.0070E+01 2.0070E+01 2.0070E+01 1.5052E+01 1.5052E+01 1.5052E+01 1.0035E+01 1.0035E+01 1.0035E+01)
(2.0076E+01 2.0076E+01 2.0076E+01 1.5057E+01 1.5057E+01 1.5057E+01 1.0038E+01 1.0038E+01 1.0038E+01)
(2.0082E+01 2.0082E+01 2.0082E+01 1.5062E+01 1.5062E+01 1.5062E+01 1.0041E+01 1.0041E+01 1.0041E+01)
(2.0088E+01 2.0088E+01 2.0088E+01 1.5066E+01 1.5066E+01 1.5066E+01 1.0044E+01 1.0044E+01 1.0044E+01)
(2.0094E+01 2.0094E+01 2.0094E+01 1.5071E+01 1.5071E+01 1.5071E+01 1.0047E+01 1.0047E+01 1.0047E+01)
(2.0100E+01 2.0100E+01 2.0100E+01 1.5075E+01 1.5075E+01 1.5075E+01 1.0050E+01 1.0050E+01 1.0050E+01)
(2.0106E+01 2.0106E+01 2.0106E+01 1.5080E+01 1.5080E+01 1.5080E+01 1.0053E+01 1.0053E+01 1.0053E+01)
(2.0112E+01 2.0112E+01 2.0112E+01 1.5084E+01 1.5084E+01 1.5084E+01 1.0056E+01 1.0056E+01 1.0056E+01)
(2.0118E+01 2.0118E+01 2.0118E+01 1.5088E+01 1.5088E+01 1.5088E+01 1.0059E+01 1.0059E+01 1.0059E+01)
(2.0124E+01 2.0124E+01 2.0124E+01 1.5093E+01 1.5093E+01 1.5093E+01 1.0062E+01 1.0062E+01 1.0062E+01)
(2.0130E+01 2.0130E+01 2.0130E+01 1.5097E+01 1.5097E+01 1.5097E+01 1.0065E+01 1.0065E+01 1.0065E+01)
(2.0135E+01 2.0135E+01 2.0135E+01 1.5102E+01 1.5102E+01 1.5102E+01 1.0068E+01 1.0068E+01 1.0068E+01)
(2.0141E+01 2.0141E+01 2.0141E+01 1.5106E+01 1.5106E+01 1.5106E+01 1.0071E+01 1.0071E+01 1.0071E+01)
(2.0147E+01 2.0147E+01 2.0147E+01 1.5110E+01 1.5110E+01 1.5110E+01 1.0073E+01 1.0073E+01 1.0073E+01)
(2.0153E+01 2.0153E+01 2.0153E+01 1.5114E+01 1.5114E+01 1.5114E+01 1.0076E+01 1.0076E+01 1.0076E+01)
(2.0158E+01 2.0158E+01 2.0158E+01 1.5119E+01 1.5119E+01 1.5119E+01 1.0079E+01 1.0079E+01 1.0079E+01)
(2.0164E+01 2.0164E+01 2.0164E+01 1.5123E+01 1.5123E+01 1.5123E+01 1.0082E+01 1.0082E+01 1.0082E+01)
(2.0170E+01 2.0170E+01 2.0170E+01 1.5127E+01 1.5127E+01 1.5127E+01 1.0085E+01 1.0085E+01 1.0085E+01)
(2.0175E+01 2.0175E+01 2.0175E+01 1.5131E+01 1.5131E+01 1.5131E+01 1.0088E+01 1.0088E+01 1.0088E+01)
(2.0181E+01 2.0181E+01 2.0181E+01 1.5136E+01 1.5136E+01 1.5136E+01 1.0090E+01 1.0090E+01 1.0090E+01)
(2.0186E+01 2.0186E+01 2.0186E+01 1.5140E+01 1.5140E+01 1.5140E+01 1.0093E+01 1.0093E+01 1.0093E+01)
(2.0192E+01 2.0192E+01 2.0192E+01 1.5144E+01 1.5144E+01 1.5144E+01 1.0096E+01 1.0096E+01 1.0096E+01)
(2.0197E+01 2.0197E+01 2.0197E+01 1.5148E+01 1.5148E+01 1.5148E+01 1.0099E+01 1.0099E+01 1.0099E+01)
(2.0203E+01 2.0203E+01 2.0203E+01 1.5152E+01 1.5152E+01 1.5152E+01 1.0101E+01 1.0101E+01 1.0101E+01)
(2.0208E+01 2.0208E+01 2.0208E+01 1.5156E+01 1.5156E+01 1.5156E+01 1.0104E+01 1.0104E+01 1.0104E+01)
(2.0214E+01 2.0214E+01 2.0214E+01 1.5160E+01 1.5160E+01 1.5160E+01 1.0107E+01 1.0107E+01 1.0107E+01)
(2.0219E+01 2.0219E+01 2.0219E+01 1.5164E+01 1.5164E+01 1.5164E+01 1.0109E+01 1.0109E+01 1.0109E+01)
(2.0224E+01 2.0224E+01 2.0224E+01 1.5168E+01 1.5168E+01 1.5168E+01 1.0112E+01 1.0112E+01 1.0112E+01)
(2.0230E+01 2.0230E+01 2.0230E+01 1.5172E+01 1.5172E+01 1.5172E+01 1.0115E+01 1.0115E+01 1.0115E+01)
(2.0235E+01 2.0235E+01 2.0235E+01 1.5176E+01 1.5176E+01 1.5176E+01 1.0117E+01 1.0117E+01 1.0117E+01)
(2.0240E+01 2.0240E+01 2.0240E+01 1.5180E+01 1.5180E+01 1.5180E+01 1.0120E+01 1.0120E+01 1.0120E+01)
(2.0245E+01 2.0245E+01 2.0245E+01 1.5184E+01 1.5184E+01 1.5184E+01 1.0123E+01 1.0123E+01 1.0123E+01)
(2.0250E+01 2.0250E+01 2.0250E+01 1.5188E+01 1.5188E+01 1.5188E+01 1.0125E+01 1.0125E+01 1.0125E+01)
(2.0256E+01 2.0256E+01 2.0256E+01 1.5192E+01 1.5192E+01 1.5192E+01 1.0128E+01 1.0128E+01 1.0128E+01)
(2.0261E+01 2.0261E+01 2.0261E+01 1.5196E+01 1.5196E+01 1.5196E+01 1.0130E+01 1.0130E+01 1.0130E+01)
(2.0266E+01 2.0266E+01 2.0266E+01 1.5199E+01 1.5199E+01 1.5199E+01 1.0133E+01 1.0133E+01 1.0133E+01)
(2.0271E+01 2.0271E+01 2.0271E+01 1.5203E+01 1.5203E+01 1.5203E+01 1.0136E+01 1.0136E+01 1.0136E+01)
(2.0276E+01 2.0276E+01 2.0276E+01 1.5207E+01 1.5207E+01 1.5207E+01 1.0138E+01 1.0138E+01 1.0138E+01)
(2.0281E+01 2.0281E+01 2.0281E+01 1.5211E+01 1.5211E+01 1.5211E+01 1.0141E+01 1.0141E+01 1.0141E+01)
(2.0286E+01 2.0286E+01 2.0286E+01 1.5215E+01 1.5215E+01 1.5215E+01 1.0143E+01 1.0143E+01 1.0143E+01)
(2.0291E+01 2.0291E+01 2.0291E+01 1.5218E+01 1.5218E+01 1.5218E+01 1.0146E+01 1.0146E+01 1.0146E+01)
(2.0296E+01 2.0296E+01 2.0296E+01 1.5222E+01 1.5222E+01 1.5222E+01 1.0148E+01 1.0148E+01 1.0148E+01)
(2.0301E+01 2.0301E+01 2.0301E+01 1.5226E+01 1.5226E+01 1.5226E+01 1.0151E+01 1.0151E+01 1.0151E+01)
(2.0306E+01 2.0306E+01 2.0306E+01 1.5230E+01 1.5230E+01 1.5230E+01 1.0153E+01 1.0153E+01 1.0153E+01)
(2.0311E+01 2.0311E+01 2.0311E+01 1.5233E+01 1.5233E+01 1.5233E+01 1.0156E+01 1.0156E+01 1.0156E+01)
(2.0316E+01 2.0316E+01 2.0316E+01 1.5237E+01 1.5237E+01 1.5237E+01 1.0158E+01 1.0158E+01 1.0158E+01)
(2.0321E+01 2.0321E+01 2.0321E+01 1.5241E+01 1.5241E+01 1.5241E+01 1.0160E+01 1.0160E+01 1.0160E+01)
(2.0326E+01 2.0326E+01 2.0326E+01 1.5244E+01 1.5244E+01 1.5244E+01 1.0163E+01 1.0163E+01 1.0163E+01)
(2.0330E+01 2.0330E+01 2.0330E+01 1.5248E+01 1.5248E+01 1.5248E+01 1.0165E+01 1.0165E+01 1.0165E+01)
(2.0335E+01 2.0335E+01 2.0335E+01 1.5251E+01 1.5251E+01 1.5251E+01 1.0168E+01 1.0168E+01 1.0168E+01)
(2.0340E+01 2.0340E+01 2.0340E+01 1.5255E+01 1.5255E+01 1.5255E+01 1.0170E+01 1.0170E+01 1.0170E+01)
(2.0345E+01 2.0345E+01 2.0345E+01 1.5259E+01 1.5259E+01 1.5259E+01 1.0172E+01 1.0172E+01 1.0172E+01)
(2.0350E+01 2.0350E+01 2.0350E+01 1.5262E+01 1.5262E+01 1.5262E+01 1.0175E+01 1.0175E+01 1.0175E+01)
(2.0354E+01 2.0354E+01 2.0354E+01 1.5266E+01 1.5266E+01 1.5266E+01 1.0177E+01 1.0177E+01 1.0177E+01)
(2.0359E+01 2.0359E+01 2.0359E+01 1.5269E+01 1.5269E+01 1.5269E+01 1.0180E+01 1.0180E+01 1.0180E+01)
(2.0364E+01 2.0364E+01 2.0364E+01 1.5273E+01 1.5273E+01 1.5273E+01 1.0182E+01 1.0182E+01 1.0182E+01)
(2.0368E+01 2.0368E+01 2.0368E+01 1.5276E+01 1.5276E+01 1.5276E+01 1.0184E+01 1.0184E+01 1.0184E+01)
(2.0373E+01 2.0373E+01 2.0373E+01 1.5280E+01 1.5280E+01 1.5280E+01 1.0186E+01 1.0186E+01 1.0186E+01)
(2.0378E+01 2.0378E+01 2.0378E+01 1.5283E+01 1.5283E+01 1.5283E+01 1.0189E+01 1.0189E+01 1.0189E+01)
(2.0382E+01 2.0382E+01 2.0382E+01 1.5287E+01 1.5287E+01 1.5287E+01 1.0191E+01 1.0191E+01 1.0191E+01)
(2.0387E+01 2.0387E+01 2.0387E+01 1.5290E+01 1.5290E+01 1.5290E+01 1.0193E+01 1.0193E+01 1.0193E+01)
(2.0391E+01 2.0391E+01 2.0391E+01 1.5294E+01 1.5294E+01 1.5294E+01 1.0196E+01 1.0196E+01 1.0196E+01)
(2.0396E+01 2.0396E+01 2.0396E+01 1.5297E+01 1.5297E+01 1.5297E+01 1.0198E+01 1.0198E+01 1.0198E+01)
(2.0400E+01 2.0400E+01 2.0400E+01 1.5300E+01 1.5300E+01 1.5300E+01 1.0200E+01 1.0200E+01 1.0200E+01)
(2.0405E+01 2.0405E+01 2.0405E+01 1.5304E+01 1.5304E+01 1.5304E+01 1.0202E+01 1.0202E+01 1.0202E+01)
(2.0409E+01 2.0409E+01 2.0409E+01 1.5307E+01 1.5307E+01 1.5307E+01 1.0205E+01 1.0205E+01 1.0205E+01)
(2.0414E+01 2.0414E+01 2.0414E+01 1.5310E+01 1.5310E+01 1.5310E+01 1.0207E+01 1.0207E+01 1.0207E+01)
(2.0418E+01 2.0418E+01 2.0418E+01 1.5314E+01 1.5314E+01 1.5314E+01 1.0209E+01 1.0209E+01 1.0209E+01)
(2.0423E+01 2.0423E+01 2.0423E+01 1.5317E+01 1.5317E+01 1.5317E+01 1.0211E+01 1.0211E+01 1.0211E+01)
(2.0427E+01 2.0427E+01 2.0427E+01 1.5320E+01 1.5320E+01 1.5320E+01 1.0214E+01 1.0214E+01 1.0214E+01)
(2.0432E+01 2.0432E+01 2.0432E+01 1.5324E+01 1.5324E+01 1.5324E+01 1.0216E+01 1.0216E+01 1.0216E+01)
(2.0436E+01 2.0436E+01 2.0436E+01 1.5327E+01 1.5327E+01 1.5327E+01 1.0218E+01 1.0218E+01 1.0218E+01)
(2.0440E+01 2.0440E+01 2.0440E+01 1.5330E+01 1.5330E+01 1.5330E+01 1.0220E+01 1.0220E+01 1.0220E+01)
(2.0445E+01 2.0445E+01 2.0445E+01 1.5333E+01 1.5333E+01 1.5333E+01 1.0222E+01 1.0222E+01 1.0222E+01)
(2.0449E+01 2.0449E+01 2.0449E+01 1.5337E+01 1.5337E+01 1.5337E+01 1.0224E+01 1.0224E+01 1.0224E+01)
(2.0453E+01 2.0453E+01 2.0453E+01 1.5340E+01 1.5340E+01 1.5340E+01 1.0227E+01 1.0227E+01 1.0227E+01)
(2.0458E+01 2.0458E+01 2.0458E+01 1.5343E+01 1.5343E+01 1.5343E+01 1.0229E+01 1.0229E+01 1.0229E+01)
(2.0462E+01 2.0462E+01 2.0462E+01 1.5346E+01 1.5346E+01 1.5346E+01 1.0231E+01 1.0231E+01 1.0231E+01)
(2.0466E+01 2.0466E+01 2.0466E+01 1.5350E+01 1.5350E+01 1.5350E+01 1.0233E+01 1.0233E+01 1.0233E+01)
(2.0470E+01 2.0470E+01 2.0470E+01 1.5353E+01 1.5353E+01 1.5353E+01 1.0235E+01 1.0235E+01 1.0235E+01)
(2.0475E+01 2.0475E+01 2.0475E+01 1.5356E+01 1.5356E+01 1.5356E+01 1.0237E+01 1.0237E+01 1.0237E+01)
(2.0479E+01 2.0479E+01 2.0479E+01 1.5359E+01 1.5359E+01 1.5359E+01 1.0239E+01 1.0239E+01 1.0239E+01)
(2.0483E+01 2.0483E+01 2.0483E+01 1.5362E+01 1.5362E+01 1.5362E+01 1.0241E+01 1.0241E+01 1.0241E+01)
(2.0487E+01 2.0487E+01 2.0487E+01 1.5365E+01 1.5365E+01 1.5365E+01 1.0244E+01 1.0244E+01 1.0244E+01)
(2.0491E+01 2.0491E+01 2.0491E+01 1.5368E+01 1.5368E+01 1.5368E+01 1.0246E+01 1.0246E+01 1.0246E+01)
(2.0495E+01 2.0495E+01 2.0495E+01 1.5372E+01 1.5372E+01 1.5372E+01 1.0248E+01 1.0248E+01 1.0248E+01)
(2.0500E+01 2.0500E+01 2.0500E+01 1.5375E+01 1.5375E+01 1.5375E+01 1.0250E+01 1.0250E+01 1.0250E+01)
(2.0504E+01 2.0504E+01 2.0504E+01 1.5378E+01 1.5378E+01 1.5378E+01 1.0252E+01 1.0252E+01 1.0252E+01)
(2.0508E+01 2.0508E+01 2.0508E+01 1.5381E+01 1.5381E+01 1.5381E+01 1.0254E+01 1.0254E+01 1.0254E+01)
(2.0512E+01 2.0512E+01 2.0512E+01 1.5384E+01 1.5384E+01 1.5384E+01 1.0256E+01 1.0256E+01 1.0256E+01)
(2.0516E+01 2.0516E+01 2.0516E+01 1.5387E+01 1.5387E+01 1.5387E+01 1.0258E+01 1.0258E+01 1.0258E+01)
(2.0520E+01 2.0520E+01 2.0520E+01 1.5390E+01 1.5390E+01 1.5390E+01 1.0260E+01 1.0260E+01 1.0260E+01)
(2.0524E+01 2.0524E+01 2.0524E+01 1.5393E+01 1.5393E+01 1.5393E+01 1.0262E+01 1.0262E+01 1.0262E+01)
(2.0528E+01 2.0528E+01 2.0528E+01 1.5396E+01 1.5396E+01 1.5396E+01 1.0264E+01 1.0264E+01 1.0264E+01)
(2.0532E+01 2.0532E+01 2.0532E+01 1.5399E+01 1.5399E+01 1.5399E+01 1.0266E+01 1.0266E+01 1.0266E+01)
(2.0536E+01 2.0536E+01 2.0536E+01 1.5402E+01 1.5402E+01 1.5402E+01 1.0268E+01 1.0268E+01 1.0268E+01)
(2.0540E+01 2.0540E+01 2.0540E+01 1.5405E+01 1.5405E+01 1.5405E+01 1.0270E+01 1.0270E+01 1.0270E+01)
(2.0544E+01 2.0544E+01 2.0544E+01 1.5408E+01 1.5408E+01 1.5408E+01 1.0272E+01 1.0272E+01 1.0272E+01)
(2.0548E+01 2.0548E+01 2.0548E+01 1.5411E+01 1.5411E+01 1.5411E+01 1.0274E+01 1.0274E+01 1.0274E+01)
(2.0552E+01 2.0552E+01 2.0552E+01 1.5414E+01 1.5414E+01 1.5414E+01 1.0276E+01 1.0276E+01 1.0276E+01)
(2.0556E+01 2.0556E+01 2.0556E+01 1.5417E+01 1.5417E+01 1.5417E+01 1.0278E+01 1.0278E+01 1.0278E+01)
(2.0560E+01 2.0560E+01 2.0560E+01 1.5420E+01 1.5420E+01 1.5420E+01 1.0280E+01 1.0280E+01 1.0280E+01)
(2.0563E+01 2.0563E+01 2.0563E+01 1.5423E+01 1.5423E+01 1.5423E+01 1.0282E+01 1.0282E+01 1.0282E+01)
(2.0567E+01 2.0567E+01 2.0567E+01 1.5425E+01 1.5425E+01 1.5425E+01 1.0284E+01 1.0284E+01 1.0284E+01)
(2.0571E+01 2.0571E+01 2.0571E+01 1.5428E+01 1.5428E+01 1.5428E+01 1.0286E+01 1.0286E+01 1.0286E+01)
(2.0575E+01 2.0575E+01 2.0575E+01 1.5431E+01 1.5431E+01 1.5431E+01 1.0288E+01 1.0288E+01 1.0288E+01)
(2.0579E+01 2.0579E+01 2.0579E+01 1.5434E+01 1.5434E+01 1.5434E+01 1.0289E+01 1.0289E+01 1.0289E+01)
(2.0583E+01 2.0583E+01 2.0583E+01 1.5437E+01 1.5437E+01 1.5437E+01 1.0291E+01 1.0291E+01 1.0291E+01)
(2.0586E+01 2.0586E+01 2.0586E+01 1.5440E+01 1.5440E+01 1.5440E+01 1.0293E+01 1.0293E+01 1.0293E+01)
(2.0590E+01 2.0590E+01 2.0590E+01 1.5443E+01 1.5443E+01 1.5443E+01 1.0295E+01 1.0295E+01 1.0295E+01)
(2.0594E+01 2.0594E+01 2.0594E+01 1.5446E+01 1.5446E+01 1.5446E+01 1.0297E+01 1.0297E+01 1.0297E+01)
(2.0598E+01 2.0598E+01 2.0598E+01 1.5448E+01 1.5448E+01 1.5448E+01 1.0299E+01 1.0299E+01 1.0299E+01)
(2.0602E+01 2.0602E+01 2.0602E+01 1.5451E+01 1.5451E+01 1.5451E+01 1.0301E+01 1.0301E+01 1.0301E+01)
(2.0605E+01 2.0605E+01 2.0605E+01 1.5454E+01 1.5454E+01 1.5454E+01 1.0303E+01 1.0303E+01 1.0303E+01)
(2.0609E+01 2.0609E+01 2.0609E+01 1.5457E+01 1.5457E+01 1.5457E+01 1.0305E+01 1.0305E+01 1.0305E+01)
(2.0613E+01 2.0613E+01 2.0613E+01 1.5460E+01 1.5460E+01 1.5460E+01 1.0306E+01 1.0306E+01 1.0306E+01)
(2.0616E+01 2.0616E+01 2.0616E+01 1.5462E+01 1.5462E+01 1.5462E+01 1.0308E+01 1.0308E+01 1.0308E+01)
(2.0620E+01 2.0620E+01 2.0620E+01 1.5465E+01 1.5465E+01 1.5465E+01 1.0310E+01 1.0310E+01 1.0310E+01)
(2.0624E+01 2.0624E+01 2.0624E+01 1.5468E+01 1.5468E+01 1.5468E+01 1.0312E+01 1.0312E+01 1.0312E+01)
(2.0627E+01 2.0627E+01 2.0627E+01 1.5471E+01 1.5471E+01 1.5471E+01 1.0314E+01 1.0314E+01 1.0314E+01)
(2.0631E+01 2.0631E+01 2.0631E+01 1.5473E+01 1.5473E+01 1.5473E+01 1.0316E+01 1.0316E+01 1.0316E+01)
(2.0635E+01 2.0635E+01 2.0635E+01 1.5476E+01 1.5476E+01 1.5476E+01 1.0317E+01 1.0317E+01 1.0317E+01)
(2.0638E+01 2.0638E+01 2.0638E+01 1.5479E+01 1.5479E+01 1.5479E+01 1.0319E+01 1.0319E+01 1.0319E+01)
(2.0642E+01 2.0642E+01 2.0642E+01 1.5482E+01 1.5482E+01 1.5482E+01 1.0321E+01 1.0321E+01 1.0321E+01)
(2.0646E+01 2.0646E+01 2.0646E+01 1.5484E+01 1.5484E+01 1.5484E+01 1.0323E+01 1.0323E+01 1.0323E+01)
(2.0649E+01 2.0649E+01 2.0649E+01 1.5487E+01 1.5487E+01 1.5487E+01 1.0325E+01 1.0325E+01 1.0325E+01)
(2.0653E+01 2.0653E+01 2.0653E+01 1.5490E+01 1.5490E+01 1.5490E+01 1.0326E+01 1.0326E+01 1.0326E+01)
(2.0656E+01 2.0656E+01 2.0656E+01 1.5492E+01 1.5492E+01 1.5492E+01 1.0328E+01 1.0328E+01 1.0328E+01)
(2.0660E+01 2.0660E+01 2.0660E+01 1.5495E+01 1.5495E+01 1.5495E+01 1.0330E+01 1.0330E+01 1.0330E+01)
(2.0663E+01 2.0663E+01 2.0663E+01 1.5498E+01 1.5498E+01 1.5498E+01 1.0332E+01 1.0332E+01 1.0332E+01)
(2.0667E+01 2.0667E+01 2.0667E+01 1.5500E+01 1.5500E+01 1.5500E+01 1.0333E+01 1.0333E+01 1.0333E+01)
(2.0671E+01 2.0671E+01 2.0671E+01 1.5503E+01 1.5503E+01 1.5503E+01 1.0335E+01 1.0335E+01 1.0335E+01)
(2.0674E+01 2.0674E+01 2.0674E+01 1.5506E+01 1.5506E+01 1.5506E+01 1.0337E+01 1.0337E+01 1.0337E+01)
(2.0678E+01 2.0678E+01 2.0678E+01 1.5508E+01 1.5508E+01 1.5508E+01 1.0339E+01 1.0339E+01 1.0339E+01)
(2.0681E+01 2.0681E+01 2.0681E+01 1.5511E+01 1.5511E+01 1.5511E+01 1.0340E+01 1.0340E+01 1.0340E+01)
(2.0684E+01 2.0684E+01 2.0684E+01 1.5513E+01 1.5513E+01 1.5513E+01 1.0342E+01 1.0342E+01 1.0342E+01)
(2.0688E+01 2.0688E+01 2.0688E+01 1.5516E+01 1.5516E+01 1.5516E+01 1.0344E+01 1.0344E+01 1.0344E+01)
(2.0691E+01 2.0691E+01 2.0691E+01 1.5519E+01 1.5519E+01 1.5519E+01 1.0346E+01 1.0346E+01 1.0346E+01)
(2.0695E+01 2.0695E+01 2.0695E+01 1.5521E+01 1.5521E+01 1.5521E+01 1.0347E+01 1.0347E+01 1.0347E+01)
(2.0698E+01 2.0698E+01 2.0698E+01 1.5524E+01 1.5524E+01 1.5524E+01 1.0349E+01 1.0349E+01 1.0349E+01)
(2.0702E+01 2.0702E+01 2.0702E+01 1.5526E+01 1.5526E+01 1.5526E+01 1.0351E+01 1.0351E+01 1.0351E+01)
(2.0705E+01 2.0705E+01 2.0705E+01 1.5529E+01 1.5529E+01 1.5529E+01 1.0353E+01 1.0353E+01 1.0353E+01)
(2.0708E+01 2.0708E+01 2.0708E+01 1.5531E+01 1.5531E+01 1.5531E+01 1.0354E+01 1.0354E+01 1.0354E+01)
(2.0712E+01 2.0712E+01 2.0712E+01 1.5534E+01 1.5534E+01 1.5534E+01 1.0356E+01 1.0356E+01 1.0356E+01)
(2.0715E+01 2.0715E+01 2.0715E+01 1.5536E+01 1.5536E+01 1.5536E+01 1.0358E+01 1.0358E+01 1.0358E+01)
(2.0719E+01 2.0719E+01 2.0719E+01 1.5539E+01 1.5539E+01 1.5539E+01 1.0359E+01 1.0359E+01 1.0359E+01)
(2.0722E+01 2.0722E+01 2.0722E+01 1.5541E+01 1.5541E+01 1.5541E+01 1.0361E+01 1.0361E+01 1.0361E+01)
(2.0725E+01 2.0725E+01 2.0725E+01 1.5544E+01 1.5544E+01 1.5544E+01 1.0363E+01 1.0363E+01 1.0363E+01)
(2.0729E+01 2.0729E+01 2.0729E+01 1.5547E+01 1.5547E+01 1.5547E+01 1.0364E+01 1.0364E+01 1.0364E+01)
(2.0732E+01 2.0732E+01 2.0732E+01 1.5549E+01 1.5549E+01 1.5549E+01 1.0366E+01 1.0366E+01 1.0366E+01)
(2.0735E+01 2.0735E+01 2.0735E+01 1.5551E+01 1.5551E+01 1.5551E+01 1.0368E+01 1.0368E+01 1.0368E+01)
(2.0739E+01 2.0739E+01 2.0739E+01 1.5554E+01 1.5554E+01 1.5554E+01 1.0369E+01 1.0369E+01 1.0369E+01)
(2.0742E+01 2.0742E+01 2.0742E+01 1.5556E+01 1.5556E+01 1.5556E+01 1.0371E+01 1.0371E+01 1.0371E+01)
(2.0745E+01 2.0745E+01 2.0745E+01 1.5559E+01 1.5559E+01 1.5559E+01 1.0373E+01 1.0373E+01 1.0373E+01)
(2.0748E+01 2.0748E+01 2.0748E+01 1.5561E+01 1.5561E+01 1.5561E+01 1.0374E+01 1.0374E+01 1.0374E+01)
(2.0752E+01 2.0752E+01 2.0752E+01 1.5564E+01 1.5564E+01 1.5564E+01 1.0376E+01 1.0376E+01 1.0376E+01)
(2.0755E+01 2.0755E+01 2.0755E+01 1.5566E+01 1.5566E+01 1.5566E+01 1.0378E+01 1.0378E+01 1.0378E+01)
(2.0758E+01 2.0758E+01 2.0758E+01 1.5569E+01 1.5569E+01 1.5569E+01 1.0379E+01 1.0379E+01 1.0379E+01)
(2.0762E+01 2.0762E+01 2.0762E+01 1.5571E+01 1.5571E+01 1.5571E+01 1.0381E+01 1.0381E+01 1.0381E+01)
(2.0765E+01 2.0765E+01 2.0765E+01 1.5574E+01 1.5574E+01 1.5574E+01 1.0382E+01 1.0382E+01 1.0382E+01)
(2.0768E+01 2.0768E+01 2.0768E+01 1.5576E+01 1.5576E+01 1.5576E+01 1.0384E+01 1.0384E+01 1.0384E+01)
(2.0771E+01 2.0771E+01 2.0771E+01 1.5578E+01 1.5578E+01 1.5578E+01 1.0386E+01 1.0386E+01 1.0386E+01)
(2.0774E+01 2.0774E+01 2.0774E+01 1.5581E+01 1.5581E+01 1.5581E+01 1.0387E+01 1.0387E+01 1.0387E+01)
(2.0778E+01 2.0778E+01 2.0778E+01 1.5583E+01 1.5583E+01 1.5583E+01 1.0389E+01 1.0389E+01 1.0389E+01)
(2.0781E+01 2.0781E+01 2.0781E+01 1.5586E+01 1.5586E+01 1.5586E+01 1.0390E+01 1.0390E+01 1.0390E+01)
(2.0784E+01 2.0784E+01 2.0784E+01 1.5588E+01 1.5588E+01 1.5588E+01 1.0392E+01 1.0392E+01 1.0392E+01)
(2.0787E+01 2.0787E+01 2.0787E+01 1.5590E+01 1.5590E+01 1.5590E+01 1.0394E+01 1.0394E+01 1.0394E+01)
(2.0790E+01 2.0790E+01 2.0790E+01 1.5593E+01 1.5593E+01 1.5593E+01 1.0395E+01 1.0395E+01 1.0395E+01)
(2.0793E+01 2.0793E+01 2.0793E+01 1.5595E+01 1.5595E+01 1.5595E+01 1.0397E+01 1.0397E+01 1.0397E+01)
(2.0797E+01 2.0797E+01 2.0797E+01 1.5597E+01 1.5597E+01 1.5597E+01 1.0398E+01 1.0398E+01 1.0398E+01)
(2.0800E+01 2.0800E+01 2.0800E+01 1.5600E+01 1.5600E+01 1.5600E+01 1.0400E+01 1.0400E+01 1.0400E+01)
(2.0803E+01 2.0803E+01 2.0803E+01 1.5602E+01 1.5602E+01 1.5602E+01 1.0401E+01 1.0401E+01 1.0401E+01)
(2.0806E+01 2.0806E+01 2.0806E+01 1.5604E+01 1.5604E+01 1.5604E+01 1.0403E+01 1.0403E+01 1.0403E+01)
(2.0809E+01 2.0809E+01 2.0809E+01 1.5607E+01 1.5607E+01 1.5607E+01 1.0404E+01 1.0404E+01 1.0404E+01)
(2.0812E+01 2.0812E+01 2.0812E+01 1.5609E+01 1.5609E+01 1.5609E+01 1.0406E+01 1.0406E+01 1.0406E+01)
(2.0815E+01 2.0815E+01 2.0815E+01 1.5611E+01 1.5611E+01 1.5611E+01 1.0408E+01 1.0408E+01 1.0408E+01)
(2.0818E+01 2.0818E+01 2.0818E+01 1.5614E+01 1.5614E+01 1.5614E+01 1.0409E+01 1.0409E+01 1.0409E+01)
(2.0821E+01 2.0821E+01 2.0821E+01 1.5616E+01 1.5616E+01 1.5616E+01 1.0411E+01 1.0411E+01 1.0411E+01)
(2.0824E+01 2.0824E+01 2.0824E+01 1.5618E+01 1.5618E+01 1.5618E+01 1.0412E+01 1.0412E+01 1.0412E+01)
(2.0827E+01 2.0827E+01 2.0827E+01 1.5621E+01 1.5621E+01 1.5621E+01 1.0414E+01 1.0414E+01 1.0414E+01)
(2.0830E+01 2.0830E+01 2.0830E+01 1.5623E+01 1.5623E+01 1.5623E+01 1.0415E+01 1.0415E+01 1.0415E+01)
(2.0833E+01 2.0833E+01 2.0833E+01 1.5625E+01 1.5625E+01 1.5625E+01 1.0417E+01 1.0417E+01 1.0417E+01)
(2.0836E+01 2.0836E+01 2.0836E+01 1.5627E+01 1.5627E+01 1.5627E+01 1.0418E+01 1.0418E+01 1.0418E+01)
(2.0840E+01 2.0840E+01 2.0840E+01 1.5630E+01 1.5630E+01 1.5630E+01 1.0420E+01 1.0420E+01 1.0420E+01)
(2.0843E+01 2.0843E+01 2.0843E+01 1.5632E+01 1.5632E+01 1.5632E+01 1.0421E+01 1.0421E+01 1.0421E+01)
(2.0846E+01 2.0846E+01 2.0846E+01 1.5634E+01 1.5634E+01 1.5634E+01 1.0423E+01 1.0423E+01 1.0423E+01)
(2.0849E+01 2.0849E+01 2.0849E+01 1.5636E+01 1.5636E+01 1.5636E+01 1.0424E+01 1.0424E+01 1.0424E+01)
(2.0851E+01 2.0851E+01 2.0851E+01 1.5639E+01 1.5639E+01 1.5639E+01 1.0426E+01 1.0426E+01 1.0426E+01)
(2.0854E+01 2.0854E+01 2.0854E+01 1.5641E+01 1.5641E+01 1.5641E+01 1.0427E+01 1.0427E+01 1.0427E+01)
(2.0857E+01 2.0857E+01 2.0857E+01 1.5643E+01 1.5643E+01 1.5643E+01 1.0429E+01 1.0429E+01 1.0429E+01)
(2.0860E+01 2.0860E+01 2.0860E+01 1.5645E+01 1.5645E+01 1.5645E+01 1.0430E+01 1.0430E+01 1.0430E+01)
(2.0863E+01 2.0863E+01 2.0863E+01 1.5648E+01 1.5648E+01 1.5648E+01 1.0432E+01 1.0432E+01 1.0432E+01)
(2.0866E+01 2.0866E+01 2.0866E+01 1.5650E+01 1.5650E+01 1.5650E+01 1.0433E+01 1.0433E+01 1.0433E+01)
(2.0869E+01 2.0869E+01 2.0869E+01 1.5652E+01 1.5652E+01 1.5652E+01 1.0435E+01 1.0435E+01 1.0435E+01)
(2.0872E+01 2.0872E+01 2.0872E+01 1.5654E+01 1.5654E+01 1.5654E+01 1.0436E+01 1.0436E+01 1.0436E+01)
(2.0875E+01 2.0875E+01 2.0875E+01 1.5656E+01 1.5656E+01 1.5656E+01 1.0438E+01 1.0438E+01 1.0438E+01)
(2.0878E+01 2.0878E+01 2.0878E+01 1.5658E+01 1.5658E+01 1.5658E+01 1.0439E+01 1.0439E+01 1.0439E+01)
(2.0881E+01 2.0881E+01 2.0881E+01 1.5661E+01 1.5661E+01 1.5661E+01 1.0440E+01 1.0440E+01 1.0440E+01)
(2.0884E+01 2.0884E+01 2.0884E+01 1.5663E+01 1.5663E+01 1.5663E+01 1.0442E+01 1.0442E+01 1.0442E+01)
(2.0887E+01 2.0887E+01 2.0887E+01 1.5665E+01 1.5665E+01 1.5665E+01 1.0443E+01 1.0443E+01 1.0443E+01)
(2.0890E+01 2.0890E+01 2.0890E+01 1.5667E+01 1.5667E+01 1.5667E+01 1.0445E+01 1.0445E+01 1.0445E+01)
(2.0892E+01 2.0892E+01 2.0892E+01 1.5669E+01 1.5669E+01 1.5669E+01 1.0446E+01 1.0446E+01 1.0446E+01)
(2.0895E+01 2.0895E+01 2.0895E+01 1.5671E+01 1.5671E+01 1.5671E+01 1.0448E+01 1.0448E+01 1.0448E+01)
(2.0898E+01 2.0898E+01 2.0898E+01 1.5674E+01 1.5674E+01 1.5674E+01 1.0449E+01 1.0449E+01 1.0449E+01)
(2.0901E+01 2.0901E+01 2.0901E+01 1.5676E+01 1.5676E+01 1.5676E+01 1.0450E+01 1.0450E+01 1.0450E+01)
(2.0904E+01 2.0904E+01 2.0904E+01 1.5678E+01 1.5678E+01 1.5678E+01 1.0452E+01 1.0452E+01 1.0452E+01)
(2.0907E+01 2.0907E+01 2.0907E+01 1.5680E+01 1.5680E+01 1.5680E+01 1.0453E+01 1.0453E+01 1.0453E+01)
(2.0910E+01 2.0910E+01 2.0910E+01 1.5682E+01 1.5682E+01 1.5682E+01 1.0455E+01 1.0455E+01 1.0455E+01)
(2.0912E+01 2.0912E+01 2.0912E+01 1.5684E+01 1.5684E+01 1.5684E+01 1.0456E+01 1.0456E+01 1.0456E+01)
(2.0915E+01 2.0915E+01 2.0915E+01 1.5686E+01 1.5686E+01 1.5686E+01 1.0458E+01 1.0458E+01 1.0458E+01)
(2.0918E+01 2.0918E+01 2.0918E+01 1.5688E+01 1.5688E+01 1.5688E+01 1.0459E+01 1.0459E+01 1.0459E+01)
(2.0921E+01 2.0921E+01 2.0921E+01 1.5691E+01 1.5691E+01 1.5691E+01 1.0460E+01 1.0460E+01 1.0460E+01)
(2.0924E+01 2.0924E+01 2.0924E+01 1.5693E+01 1.5693E+01 1.5693E+01 1.0462E+01 1.0462E+01 1.0462E+01)
(2.0926E+01 2.0926E+01 2.0926E+01 1.5695E+01 1.5695E+01 1.5695E+01 1.0463E+01 1.0463E+01 1.0463E+01)
(2.0929E+01 2.0929E+01 2.0929E+01 1.5697E+01 1.5697E+01 1.5697E+01 1.0465E+01 1.0465E+01 1.0465E+01)
(2.0932E+01 2.0932E+01 2.0932E+01 1.5699E+01 1.5699E+01 1.5699E+01 1.0466E+01 1.0466E+01 1.0466E+01)
(2.0935E+01 2.0935E+01 2.0935E+01 1.5701E+01 1.5701E+01 1.5701E+01 1.0467E+01 1.0467E+01 1.0467E+01)
(2.0937E+01 2.0937E+01 2.0937E+01 1.5703E+01 1.5703E+01 1.5703E+01 1.0469E+01 1.0469E+01 1.0469E+01)
(2.0940E+01 2.0940E+01 2.0940E+01 1.5705E+01 1.5705E+01 1.5705E+01 1.0470E+01 1.0470E+01 1.0470E+01)
(2.0943E+01 2.0943E+01 2.0943E+01 1.5707E+01 1.5707E+01 1.5707E+01 1.0471E+01 1.0471E+01 1.0471E+01)
(2.0946E+01 2.0946E+01 2.0946E+01 1.5709E+01 1.5709E+01 1.5709E+01 1.0473E+01 1.0473E+01 1.0473E+01)
(2.0948E+01 2.0948E+01 2.0948E+01 1.5711E+01 1.5711E+01 1.5711E+01 1.0474E+01 1.0474E+01 1.0474E+01)
(2.0951E+01 2.0951E+01 2.0951E+01 1.5713E+01 1.5713E+01 1.5713E+01 1.0476E+01 1.0476E+01 1.0476E+01)
(2.0954E+01 2.0954E+01 2.0954E+01 1.5715E+01 1.5715E+01 1.5715E+01 1.0477E+01 1.0477E+01 1.0477E+01)
(2.0957E+01 2.0957E+01 2.0957E+01 1.5717E+01 1.5717E+01 1.5717E+01 1.0478E+01 1.0478E+01 1.0478E+01)
(2.0959E+01 2.0959E+01 2.0959E+01 1.5719E+01 1.5719E+01 1.5719E+01 1.0480E+01 1.0480E+01 1.0480E+01)
(2.0962E+01 2.0962E+01 2.0962E+01 1.5721E+01 1.5721E+01 1.5721E+01 1.0481E+01 1.0481E+01 1.0481E+01)
(2.0965E+01 2.0965E+01 2.0965E+01 1.5723E+01 1.5723E+01 1.5723E+01 1.0482E+01 1.0482E+01 1.0482E+01)
(2.0967E+01 2.0967E+01 2.0967E+01 1.5725E+01 1.5725E+01 1.5725E+01 1.0484E+01 1.0484E+01 1.0484E+01)
(2.0970E+01 2.0970E+01 2.0970E+01 1.5727E+01 1.5727E+01 1.5727E+01 1.0485E+01 1.0485E+01 1.0485E+01)
(2.0973E+01 2.0973E+01 2.0973E+01 1.5729E+01 1.5729E+01 1.5729E+01 1.0486E+01 1.0486E+01 1.0486E+01)
(2.0975E+01 2.0975E+01 2.0975E+01 1.5731E+01 1.5731E+01 1.5731E+01 1.0488E+01 1.0488E+01 1.0488E+01)
(2.0978E+01 2.0978E+01 2.0978E+01 1.5733E+01 1.5733E+01 1.5733E+01 1.0489E+01 1.0489E+01 1.0489E+01)
(2.0981E+01 2.0981E+01 2.0981E+01 1.5735E+01 1.5735E+01 1.5735E+01 1.0490E+01 1.0490E+01 1.0490E+01)
(2.0983E+01 2.0983E+01 2.0983E+01 1.5737E+01 1.5737E+01 1.5737E+01 1.0492E+01 1.0492E+01 1.0492E+01)
(2.0986E+01 2.0986E+01 2.0986E+01 1.5739E+01 1.5739E+01 1.5739E+01 1.0493E+01 1.0493E+01 1.0493E+01)
(2.0989E+01 2.0989E+01 2.0989E+01 1.5741E+01 1.5741E+01 1.5741E+01 1.0494E+01 1.0494E+01 1.0494E+01)
(2.0991E+01 2.0991E+01 2.0991E+01 1.5743E+01 1.5743E+01 1.5743E+01 1.0496E+01 1.0496E+01 1.0496E+01)
)

