(
(4.237816e-01 3.577048e-02 3.577048e-02 1.153969e-01 9.971977e-03 9.971977e-03 1.936720e-01 2.233445e-02 2.233445e-02)
(4.073113e-01 3.249062e-02 3.249062e-02 1.709313e-01 8.497594e-03 8.497594e-03 2.235136e-01 4.204589e-02 4.204589e-02)
(3.972325e-01 2.803926e-02 2.803926e-02 1.920989e-01 1.156047e-02 1.156047e-02 2.368090e-01 6.197398e-02 6.197398e-02)
(3.901800e-01 2.594950e-02 2.594950e-02 1.994397e-01 1.311972e-02 1.311972e-02 2.390147e-01 7.762942e-02 7.762942e-02)
(3.847308e-01 2.835664e-02 2.835664e-02 2.007343e-01 1.500937e-02 1.500937e-02 2.314446e-01 8.862256e-02 8.862256e-02)
(3.832064e-01 3.368017e-02 3.368017e-02 1.981429e-01 1.802280e-02 1.802280e-02 2.160503e-01 9.646627e-02 9.646627e-02)
(3.863862e-01 3.889229e-02 3.889229e-02 1.934749e-01 2.214814e-02 2.214814e-02 1.980201e-01 1.030192e-01 1.030192e-01)
(3.906630e-01 4.340843e-02 4.340843e-02 1.884566e-01 2.694113e-02 2.694113e-02 1.818154e-01 1.102673e-01 1.102673e-01)
(3.934989e-01 4.803148e-02 4.803148e-02 1.839936e-01 3.256880e-02 3.256880e-02 1.702833e-01 1.188244e-01 1.188244e-01)
(3.923360e-01 5.295395e-02 5.295395e-02 1.804924e-01 3.863312e-02 3.863312e-02 1.632573e-01 1.293676e-01 1.293676e-01)
(3.889558e-01 5.846023e-02 5.846023e-02 1.780466e-01 4.526398e-02 4.526398e-02 1.564838e-01 1.393054e-01 1.393054e-01)
(3.858982e-01 6.500295e-02 6.500295e-02 1.776347e-01 5.212116e-02 5.212116e-02 1.479221e-01 1.452882e-01 1.452882e-01)
(3.845482e-01 7.025353e-02 7.025353e-02 1.796309e-01 5.898247e-02 5.898247e-02 1.378730e-01 1.488490e-01 1.488490e-01)
(3.847584e-01 7.794770e-02 7.794770e-02 1.777615e-01 6.609472e-02 6.609472e-02 1.299509e-01 1.526071e-01 1.526071e-01)
(3.933940e-01 8.388005e-02 8.388005e-02 1.769919e-01 7.429257e-02 7.429257e-02 1.307594e-01 1.610174e-01 1.610174e-01)
(4.002667e-01 8.530768e-02 8.530768e-02 1.697947e-01 8.285693e-02 8.285693e-02 1.408695e-01 1.703157e-01 1.703157e-01)
(4.018677e-01 8.577908e-02 8.577908e-02 1.632110e-01 9.347541e-02 9.347541e-02 1.514986e-01 1.784288e-01 1.784288e-01)
(4.087217e-01 9.156197e-02 9.156197e-02 1.493313e-01 1.058186e-01 1.058186e-01 1.637726e-01 1.850751e-01 1.850751e-01)
(4.169321e-01 9.997613e-02 9.997613e-02 1.439539e-01 1.187391e-01 1.187391e-01 1.775274e-01 1.883075e-01 1.883075e-01)
(4.304486e-01 1.127934e-01 1.127934e-01 1.396548e-01 1.327060e-01 1.327060e-01 1.827075e-01 1.901946e-01 1.901946e-01)
(4.349665e-01 1.241906e-01 1.241906e-01 1.545331e-01 1.379334e-01 1.379334e-01 1.915896e-01 2.038465e-01 2.038465e-01)
(4.338932e-01 1.329666e-01 1.329666e-01 1.690810e-01 1.568387e-01 1.568387e-01 1.935429e-01 2.152282e-01 2.152282e-01)
(4.197822e-01 1.371467e-01 1.371467e-01 1.837751e-01 1.766401e-01 1.766401e-01 2.088589e-01 2.316183e-01 2.316183e-01)
(3.968405e-01 1.523522e-01 1.523522e-01 1.877475e-01 1.917759e-01 1.917759e-01 2.074983e-01 2.381353e-01 2.381353e-01)
(3.731357e-01 1.883708e-01 1.883708e-01 1.971562e-01 2.008234e-01 2.008234e-01 2.096751e-01 2.241022e-01 2.241022e-01)
(3.731357e-01 1.883708e-01 1.883708e-01 1.971562e-01 2.008234e-01 2.008234e-01 2.096751e-01 2.241022e-01 2.241022e-01)
(3.968405e-01 1.523522e-01 1.523522e-01 1.877475e-01 1.917759e-01 1.917759e-01 2.074983e-01 2.381353e-01 2.381353e-01)
(4.197822e-01 1.371467e-01 1.371467e-01 1.837751e-01 1.766401e-01 1.766401e-01 2.088589e-01 2.316183e-01 2.316183e-01)
(4.338932e-01 1.329666e-01 1.329666e-01 1.690810e-01 1.568387e-01 1.568387e-01 1.935429e-01 2.152282e-01 2.152282e-01)
(4.349665e-01 1.241906e-01 1.241906e-01 1.545331e-01 1.379334e-01 1.379334e-01 1.915896e-01 2.038465e-01 2.038465e-01)
(4.304486e-01 1.127934e-01 1.127934e-01 1.396548e-01 1.327060e-01 1.327060e-01 1.827075e-01 1.901946e-01 1.901946e-01)
(4.169321e-01 9.997613e-02 9.997613e-02 1.439539e-01 1.187391e-01 1.187391e-01 1.775274e-01 1.883075e-01 1.883075e-01)
(4.087217e-01 9.156197e-02 9.156197e-02 1.493313e-01 1.058186e-01 1.058186e-01 1.637726e-01 1.850751e-01 1.850751e-01)
(4.018677e-01 8.577908e-02 8.577908e-02 1.632110e-01 9.347541e-02 9.347541e-02 1.514986e-01 1.784288e-01 1.784288e-01)
(4.002667e-01 8.530768e-02 8.530768e-02 1.697947e-01 8.285693e-02 8.285693e-02 1.408695e-01 1.703157e-01 1.703157e-01)
(3.933940e-01 8.388005e-02 8.388005e-02 1.769919e-01 7.429257e-02 7.429257e-02 1.307594e-01 1.610174e-01 1.610174e-01)
(3.847584e-01 7.794770e-02 7.794770e-02 1.777615e-01 6.609472e-02 6.609472e-02 1.299509e-01 1.526071e-01 1.526071e-01)
(3.845482e-01 7.025353e-02 7.025353e-02 1.796309e-01 5.898247e-02 5.898247e-02 1.378730e-01 1.488490e-01 1.488490e-01)
(3.858982e-01 6.500295e-02 6.500295e-02 1.776347e-01 5.212116e-02 5.212116e-02 1.479221e-01 1.452882e-01 1.452882e-01)
(3.889558e-01 5.846023e-02 5.846023e-02 1.780466e-01 4.526398e-02 4.526398e-02 1.564838e-01 1.393054e-01 1.393054e-01)
(3.923360e-01 5.295395e-02 5.295395e-02 1.804924e-01 3.863312e-02 3.863312e-02 1.632573e-01 1.293676e-01 1.293676e-01)
(3.934989e-01 4.803148e-02 4.803148e-02 1.839936e-01 3.256880e-02 3.256880e-02 1.702833e-01 1.188244e-01 1.188244e-01)
(3.906630e-01 4.340843e-02 4.340843e-02 1.884566e-01 2.694113e-02 2.694113e-02 1.818154e-01 1.102673e-01 1.102673e-01)
(3.863862e-01 3.889229e-02 3.889229e-02 1.934749e-01 2.214814e-02 2.214814e-02 1.980201e-01 1.030192e-01 1.030192e-01)
(3.832064e-01 3.368017e-02 3.368017e-02 1.981429e-01 1.802280e-02 1.802280e-02 2.160503e-01 9.646627e-02 9.646627e-02)
(3.847308e-01 2.835664e-02 2.835664e-02 2.007343e-01 1.500937e-02 1.500937e-02 2.314446e-01 8.862256e-02 8.862256e-02)
(3.901800e-01 2.594950e-02 2.594950e-02 1.994397e-01 1.311972e-02 1.311972e-02 2.390147e-01 7.762942e-02 7.762942e-02)
(3.972325e-01 2.803926e-02 2.803926e-02 1.920989e-01 1.156047e-02 1.156047e-02 2.368090e-01 6.197398e-02 6.197398e-02)
(4.073113e-01 3.249062e-02 3.249062e-02 1.709313e-01 8.497594e-03 8.497594e-03 2.235136e-01 4.204589e-02 4.204589e-02)
(4.237816e-01 3.577048e-02 3.577048e-02 1.153969e-01 9.971977e-03 9.971977e-03 1.936720e-01 2.233445e-02 2.233445e-02)
(4.237816e-01 3.577048e-02 3.577048e-02 1.153969e-01 9.971977e-03 9.971977e-03 1.936720e-01 2.233445e-02 2.233445e-02)
(4.073113e-01 3.249062e-02 3.249062e-02 1.709313e-01 8.497594e-03 8.497594e-03 2.235136e-01 4.204589e-02 4.204589e-02)
(3.972325e-01 2.803926e-02 2.803926e-02 1.920989e-01 1.156047e-02 1.156047e-02 2.368090e-01 6.197398e-02 6.197398e-02)
(3.901800e-01 2.594950e-02 2.594950e-02 1.994397e-01 1.311972e-02 1.311972e-02 2.390147e-01 7.762942e-02 7.762942e-02)
(3.847308e-01 2.835664e-02 2.835664e-02 2.007343e-01 1.500937e-02 1.500937e-02 2.314446e-01 8.862256e-02 8.862256e-02)
(3.832064e-01 3.368017e-02 3.368017e-02 1.981429e-01 1.802280e-02 1.802280e-02 2.160503e-01 9.646627e-02 9.646627e-02)
(3.863862e-01 3.889229e-02 3.889229e-02 1.934749e-01 2.214814e-02 2.214814e-02 1.980201e-01 1.030192e-01 1.030192e-01)
(3.906630e-01 4.340843e-02 4.340843e-02 1.884566e-01 2.694113e-02 2.694113e-02 1.818154e-01 1.102673e-01 1.102673e-01)
(3.934989e-01 4.803148e-02 4.803148e-02 1.839936e-01 3.256880e-02 3.256880e-02 1.702833e-01 1.188244e-01 1.188244e-01)
(3.923360e-01 5.295395e-02 5.295395e-02 1.804924e-01 3.863312e-02 3.863312e-02 1.632573e-01 1.293676e-01 1.293676e-01)
(3.889558e-01 5.846023e-02 5.846023e-02 1.780466e-01 4.526398e-02 4.526398e-02 1.564838e-01 1.393054e-01 1.393054e-01)
(3.858982e-01 6.500295e-02 6.500295e-02 1.776347e-01 5.212116e-02 5.212116e-02 1.479221e-01 1.452882e-01 1.452882e-01)
(3.845482e-01 7.025353e-02 7.025353e-02 1.796309e-01 5.898247e-02 5.898247e-02 1.378730e-01 1.488490e-01 1.488490e-01)
(3.847584e-01 7.794770e-02 7.794770e-02 1.777615e-01 6.609472e-02 6.609472e-02 1.299509e-01 1.526071e-01 1.526071e-01)
(3.933940e-01 8.388005e-02 8.388005e-02 1.769919e-01 7.429257e-02 7.429257e-02 1.307594e-01 1.610174e-01 1.610174e-01)
(4.002667e-01 8.530768e-02 8.530768e-02 1.697947e-01 8.285693e-02 8.285693e-02 1.408695e-01 1.703157e-01 1.703157e-01)
(4.018677e-01 8.577908e-02 8.577908e-02 1.632110e-01 9.347541e-02 9.347541e-02 1.514986e-01 1.784288e-01 1.784288e-01)
(4.087217e-01 9.156197e-02 9.156197e-02 1.493313e-01 1.058186e-01 1.058186e-01 1.637726e-01 1.850751e-01 1.850751e-01)
(4.169321e-01 9.997613e-02 9.997613e-02 1.439539e-01 1.187391e-01 1.187391e-01 1.775274e-01 1.883075e-01 1.883075e-01)
(4.304486e-01 1.127934e-01 1.127934e-01 1.396548e-01 1.327060e-01 1.327060e-01 1.827075e-01 1.901946e-01 1.901946e-01)
(4.349665e-01 1.241906e-01 1.241906e-01 1.545331e-01 1.379334e-01 1.379334e-01 1.915896e-01 2.038465e-01 2.038465e-01)
(4.338932e-01 1.329666e-01 1.329666e-01 1.690810e-01 1.568387e-01 1.568387e-01 1.935429e-01 2.152282e-01 2.152282e-01)
(4.197822e-01 1.371467e-01 1.371467e-01 1.837751e-01 1.766401e-01 1.766401e-01 2.088589e-01 2.316183e-01 2.316183e-01)
(3.968405e-01 1.523522e-01 1.523522e-01 1.877475e-01 1.917759e-01 1.917759e-01 2.074983e-01 2.381353e-01 2.381353e-01)
(3.731357e-01 1.883708e-01 1.883708e-01 1.971562e-01 2.008234e-01 2.008234e-01 2.096751e-01 2.241022e-01 2.241022e-01)
(3.731357e-01 1.883708e-01 1.883708e-01 1.971562e-01 2.008234e-01 2.008234e-01 2.096751e-01 2.241022e-01 2.241022e-01)
(3.968405e-01 1.523522e-01 1.523522e-01 1.877475e-01 1.917759e-01 1.917759e-01 2.074983e-01 2.381353e-01 2.381353e-01)
(4.197822e-01 1.371467e-01 1.371467e-01 1.837751e-01 1.766401e-01 1.766401e-01 2.088589e-01 2.316183e-01 2.316183e-01)
(4.338932e-01 1.329666e-01 1.329666e-01 1.690810e-01 1.568387e-01 1.568387e-01 1.935429e-01 2.152282e-01 2.152282e-01)
(4.349665e-01 1.241906e-01 1.241906e-01 1.545331e-01 1.379334e-01 1.379334e-01 1.915896e-01 2.038465e-01 2.038465e-01)
(4.304486e-01 1.127934e-01 1.127934e-01 1.396548e-01 1.327060e-01 1.327060e-01 1.827075e-01 1.901946e-01 1.901946e-01)
(4.169321e-01 9.997613e-02 9.997613e-02 1.439539e-01 1.187391e-01 1.187391e-01 1.775274e-01 1.883075e-01 1.883075e-01)
(4.087217e-01 9.156197e-02 9.156197e-02 1.493313e-01 1.058186e-01 1.058186e-01 1.637726e-01 1.850751e-01 1.850751e-01)
(4.018677e-01 8.577908e-02 8.577908e-02 1.632110e-01 9.347541e-02 9.347541e-02 1.514986e-01 1.784288e-01 1.784288e-01)
(4.002667e-01 8.530768e-02 8.530768e-02 1.697947e-01 8.285693e-02 8.285693e-02 1.408695e-01 1.703157e-01 1.703157e-01)
(3.933940e-01 8.388005e-02 8.388005e-02 1.769919e-01 7.429257e-02 7.429257e-02 1.307594e-01 1.610174e-01 1.610174e-01)
(3.847584e-01 7.794770e-02 7.794770e-02 1.777615e-01 6.609472e-02 6.609472e-02 1.299509e-01 1.526071e-01 1.526071e-01)
(3.845482e-01 7.025353e-02 7.025353e-02 1.796309e-01 5.898247e-02 5.898247e-02 1.378730e-01 1.488490e-01 1.488490e-01)
(3.858982e-01 6.500295e-02 6.500295e-02 1.776347e-01 5.212116e-02 5.212116e-02 1.479221e-01 1.452882e-01 1.452882e-01)
(3.889558e-01 5.846023e-02 5.846023e-02 1.780466e-01 4.526398e-02 4.526398e-02 1.564838e-01 1.393054e-01 1.393054e-01)
(3.923360e-01 5.295395e-02 5.295395e-02 1.804924e-01 3.863312e-02 3.863312e-02 1.632573e-01 1.293676e-01 1.293676e-01)
(3.934989e-01 4.803148e-02 4.803148e-02 1.839936e-01 3.256880e-02 3.256880e-02 1.702833e-01 1.188244e-01 1.188244e-01)
(3.906630e-01 4.340843e-02 4.340843e-02 1.884566e-01 2.694113e-02 2.694113e-02 1.818154e-01 1.102673e-01 1.102673e-01)
(3.863862e-01 3.889229e-02 3.889229e-02 1.934749e-01 2.214814e-02 2.214814e-02 1.980201e-01 1.030192e-01 1.030192e-01)
(3.832064e-01 3.368017e-02 3.368017e-02 1.981429e-01 1.802280e-02 1.802280e-02 2.160503e-01 9.646627e-02 9.646627e-02)
(3.847308e-01 2.835664e-02 2.835664e-02 2.007343e-01 1.500937e-02 1.500937e-02 2.314446e-01 8.862256e-02 8.862256e-02)
(3.901800e-01 2.594950e-02 2.594950e-02 1.994397e-01 1.311972e-02 1.311972e-02 2.390147e-01 7.762942e-02 7.762942e-02)
(3.972325e-01 2.803926e-02 2.803926e-02 1.920989e-01 1.156047e-02 1.156047e-02 2.368090e-01 6.197398e-02 6.197398e-02)
(4.073113e-01 3.249062e-02 3.249062e-02 1.709313e-01 8.497594e-03 8.497594e-03 2.235136e-01 4.204589e-02 4.204589e-02)
(4.237816e-01 3.577048e-02 3.577048e-02 1.153969e-01 9.971977e-03 9.971977e-03 1.936720e-01 2.233445e-02 2.233445e-02)
)