(
(0 0 0.00)
(0 0 0.25)
(0 0 0.50)
(0 0 0.75)
(0 0 1.00)
(0 0 1.25)
(0 0 1.50)
(0 0 1.75)
(0 0 2.00)
(0 0 2.25)
(0 0 2.50)
(0 0 2.75)
(0 0 3.00)
(0 0 3.25)
(0 0 3.50)
(0 0 3.75)
(0 0 4.00)
(0 0 4.25)
(0 0 4.50)
(0 0 4.75)
(0 0 5.00)
(0 0 5.25)
(0 0 5.50)
(0 0 5.75)
(0 0 6.00)
(0 0 6.25)
(0 0 6.50)
(0 0 6.75)
(0 0 7.00)
(0 0 7.25)
(0 0 7.50)
(0 0 7.75)
(0 0 8.00)
(0 0 8.25)
(0 0 8.50)
(0 0 8.75)
(0 0 9.00)
(0 0 9.25)
(0 0 9.50)
(0 0 9.75)
(0 0 10.00)
(0 0 10.25)
(0 0 10.50)
(0 0 10.75)
(0 0 11.00)
(0 0 11.25)
(0 0 11.50)
(0 0 11.75)
(0 0 12.00)
(0 0 12.25)
(0 0 12.50)
(0 0 12.75)
(0 0 13.00)
(0 0 13.25)
(0 0 13.50)
(0 0 13.75)
(0 0 14.00)
(0 0 14.25)
(0 0 14.50)
(0 0 14.75)
(0 0 15.00)
(0 0 15.25)
(0 0 15.50)
(0 0 15.75)
(0 0 16.00)
(0 0 16.25)
(0 0 16.50)
(0 0 16.75)
(0 0 17.00)
(0 0 17.25)
(0 0 17.50)
(0 0 17.75)
(0 0 18.00)
(0 0 18.25)
(0 0 18.50)
(0 0 18.75)
(0 0 19.00)
(0 0 19.25)
(0 0 19.50)
(0 0 19.75)
(0 0 20.00)
(0 0 20.25)
(0 0 20.50)
(0 0 20.75)
(0 0 21.00)
(0 0 21.25)
(0 0 21.50)
(0 0 21.75)
(0 0 22.00)
(0 0 22.25)
(0 0 22.50)
(0 0 22.75)
(0 0 23.00)
(0 0 23.25)
(0 0 23.50)
(0 0 23.75)
(0 0 24.00)
(0 0 24.25)
(0 0 24.50)
(0 0 24.75)
(0 0 25.00)
(0 0 25.25)
(0 0 25.50)
(0 0 25.75)
(0 0 26.00)
(0 0 26.25)
(0 0 26.50)
(0 0 26.75)
(0 0 27.00)
(0 0 27.25)
(0 0 27.50)
(0 0 27.75)
(0 0 28.00)
(0 0 28.25)
(0 0 28.50)
(0 0 28.75)
(0 0 29.00)
(0 0 29.25)
(0 0 29.50)
(0 0 29.75)
(0 0 30.00)
(0 0 30.25)
(0 0 30.50)
(0 0 30.75)
(0 0 31.00)
(0 0 31.25)
(0 0 31.50)
(0 0 31.75)
(0 0 32.00)
(0 0 32.25)
(0 0 32.50)
(0 0 32.75)
(0 0 33.00)
(0 0 33.25)
(0 0 33.50)
(0 0 33.75)
(0 0 34.00)
(0 0 34.25)
(0 0 34.50)
(0 0 34.75)
(0 0 35.00)
(0 0 35.25)
(0 0 35.50)
(0 0 35.75)
(0 0 36.00)
(0 0 36.25)
(0 0 36.50)
(0 0 36.75)
(0 0 37.00)
(0 0 37.25)
(0 0 37.50)
(0 0 37.75)
(0 0 38.00)
(0 0 38.25)
(0 0 38.50)
(0 0 38.75)
(0 0 39.00)
(0 0 39.25)
(0 0 39.50)
(0 0 39.75)
(0 0 40.00)
(0 0 40.25)
(0 0 40.50)
(0 0 40.75)
(0 0 41.00)
(0 0 41.25)
(0 0 41.50)
(0 0 41.75)
(0 0 42.00)
(0 0 42.25)
(0 0 42.50)
(0 0 42.75)
(0 0 43.00)
(0 0 43.25)
(0 0 43.50)
(0 0 43.75)
(0 0 44.00)
(0 0 44.25)
(0 0 44.50)
(0 0 44.75)
(0 0 45.00)
(0 0 45.25)
(0 0 45.50)
(0 0 45.75)
(0 0 46.00)
(0 0 46.25)
(0 0 46.50)
(0 0 46.75)
(0 0 47.00)
(0 0 47.25)
(0 0 47.50)
(0 0 47.75)
(0 0 48.00)
(0 0 48.25)
(0 0 48.50)
(0 0 48.75)
(0 0 49.00)
(0 0 49.25)
(0 0 49.50)
(0 0 49.75)
(0 0 50.00)
(0 0 50.25)
(0 0 50.50)
(0 0 50.75)
(0 0 51.00)
(0 0 51.25)
(0 0 51.50)
(0 0 51.75)
(0 0 52.00)
(0 0 52.25)
(0 0 52.50)
(0 0 52.75)
(0 0 53.00)
(0 0 53.25)
(0 0 53.50)
(0 0 53.75)
(0 0 54.00)
(0 0 54.25)
(0 0 54.50)
(0 0 54.75)
(0 0 55.00)
(0 0 55.25)
(0 0 55.50)
(0 0 55.75)
(0 0 56.00)
(0 0 56.25)
(0 0 56.50)
(0 0 56.75)
(0 0 57.00)
(0 0 57.25)
(0 0 57.50)
(0 0 57.75)
(0 0 58.00)
(0 0 58.25)
(0 0 58.50)
(0 0 58.75)
(0 0 59.00)
(0 0 59.25)
(0 0 59.50)
(0 0 59.75)
(0 0 60.00)
(0 0 60.25)
(0 0 60.50)
(0 0 60.75)
(0 0 61.00)
(0 0 61.25)
(0 0 61.50)
(0 0 61.75)
(0 0 62.00)
(0 0 62.25)
(0 0 62.50)
(0 0 62.75)
(0 0 63.00)
(0 0 63.25)
(0 0 63.50)
(0 0 63.75)
(0 0 64.00)
(0 0 64.25)
(0 0 64.50)
(0 0 64.75)
(0 0 65.00)
(0 0 65.25)
(0 0 65.50)
(0 0 65.75)
(0 0 66.00)
(0 0 66.25)
(0 0 66.50)
(0 0 66.75)
(0 0 67.00)
(0 0 67.25)
(0 0 67.50)
(0 0 67.75)
(0 0 68.00)
(0 0 68.25)
(0 0 68.50)
(0 0 68.75)
(0 0 69.00)
(0 0 69.25)
(0 0 69.50)
(0 0 69.75)
(0 0 70.00)
(0 0 70.25)
(0 0 70.50)
(0 0 70.75)
(0 0 71.00)
(0 0 71.25)
(0 0 71.50)
(0 0 71.75)
(0 0 72.00)
(0 0 72.25)
(0 0 72.50)
(0 0 72.75)
(0 0 73.00)
(0 0 73.25)
(0 0 73.50)
(0 0 73.75)
(0 0 74.00)
(0 0 74.25)
(0 0 74.50)
(0 0 74.75)
(0 0 75.00)
(0 0 75.25)
(0 0 75.50)
(0 0 75.75)
(0 0 76.00)
(0 0 76.25)
(0 0 76.50)
(0 0 76.75)
(0 0 77.00)
(0 0 77.25)
(0 0 77.50)
(0 0 77.75)
(0 0 78.00)
(0 0 78.25)
(0 0 78.50)
(0 0 78.75)
(0 0 79.00)
(0 0 79.25)
(0 0 79.50)
(0 0 79.75)
(0 0 80.00)
(0 0 80.25)
(0 0 80.50)
(0 0 80.75)
(0 0 81.00)
(0 0 81.25)
(0 0 81.50)
(0 0 81.75)
(0 0 82.00)
(0 0 82.25)
(0 0 82.50)
(0 0 82.75)
(0 0 83.00)
(0 0 83.25)
(0 0 83.50)
(0 0 83.75)
(0 0 84.00)
(0 0 84.25)
(0 0 84.50)
(0 0 84.75)
(0 0 85.00)
(0 0 85.25)
(0 0 85.50)
(0 0 85.75)
(0 0 86.00)
(0 0 86.25)
(0 0 86.50)
(0 0 86.75)
(0 0 87.00)
(0 0 87.25)
(0 0 87.50)
(0 0 87.75)
(0 0 88.00)
(0 0 88.25)
(0 0 88.50)
(0 0 88.75)
(0 0 89.00)
(0 0 89.25)
(0 0 89.50)
(0 0 89.75)
(0 0 90.00)
(0 0 90.25)
(0 0 90.50)
(0 0 90.75)
(0 0 91.00)
(0 0 91.25)
(0 0 91.50)
(0 0 91.75)
(0 0 92.00)
(0 0 92.25)
(0 0 92.50)
(0 0 92.75)
(0 0 93.00)
(0 0 93.25)
(0 0 93.50)
(0 0 93.75)
(0 0 94.00)
(0 0 94.25)
(0 0 94.50)
(0 0 94.75)
(0 0 95.00)
(0 0 95.25)
(0 0 95.50)
(0 0 95.75)
(0 0 96.00)
(0 0 96.25)
(0 0 96.50)
(0 0 96.75)
(0 0 97.00)
(0 0 97.25)
(0 0 97.50)
(0 0 97.75)
(0 0 98.00)
(0 0 98.25)
(0 0 98.50)
(0 0 98.75)
(0 0 99.00)
(0 0 99.25)
(0 0 99.50)
(0 0 99.75)
(0 0 100.00)
(0 110 0.00)
(0 110 0.25)
(0 110 0.50)
(0 110 0.75)
(0 110 1.00)
(0 110 1.25)
(0 110 1.50)
(0 110 1.75)
(0 110 2.00)
(0 110 2.25)
(0 110 2.50)
(0 110 2.75)
(0 110 3.00)
(0 110 3.25)
(0 110 3.50)
(0 110 3.75)
(0 110 4.00)
(0 110 4.25)
(0 110 4.50)
(0 110 4.75)
(0 110 5.00)
(0 110 5.25)
(0 110 5.50)
(0 110 5.75)
(0 110 6.00)
(0 110 6.25)
(0 110 6.50)
(0 110 6.75)
(0 110 7.00)
(0 110 7.25)
(0 110 7.50)
(0 110 7.75)
(0 110 8.00)
(0 110 8.25)
(0 110 8.50)
(0 110 8.75)
(0 110 9.00)
(0 110 9.25)
(0 110 9.50)
(0 110 9.75)
(0 110 10.00)
(0 110 10.25)
(0 110 10.50)
(0 110 10.75)
(0 110 11.00)
(0 110 11.25)
(0 110 11.50)
(0 110 11.75)
(0 110 12.00)
(0 110 12.25)
(0 110 12.50)
(0 110 12.75)
(0 110 13.00)
(0 110 13.25)
(0 110 13.50)
(0 110 13.75)
(0 110 14.00)
(0 110 14.25)
(0 110 14.50)
(0 110 14.75)
(0 110 15.00)
(0 110 15.25)
(0 110 15.50)
(0 110 15.75)
(0 110 16.00)
(0 110 16.25)
(0 110 16.50)
(0 110 16.75)
(0 110 17.00)
(0 110 17.25)
(0 110 17.50)
(0 110 17.75)
(0 110 18.00)
(0 110 18.25)
(0 110 18.50)
(0 110 18.75)
(0 110 19.00)
(0 110 19.25)
(0 110 19.50)
(0 110 19.75)
(0 110 20.00)
(0 110 20.25)
(0 110 20.50)
(0 110 20.75)
(0 110 21.00)
(0 110 21.25)
(0 110 21.50)
(0 110 21.75)
(0 110 22.00)
(0 110 22.25)
(0 110 22.50)
(0 110 22.75)
(0 110 23.00)
(0 110 23.25)
(0 110 23.50)
(0 110 23.75)
(0 110 24.00)
(0 110 24.25)
(0 110 24.50)
(0 110 24.75)
(0 110 25.00)
(0 110 25.25)
(0 110 25.50)
(0 110 25.75)
(0 110 26.00)
(0 110 26.25)
(0 110 26.50)
(0 110 26.75)
(0 110 27.00)
(0 110 27.25)
(0 110 27.50)
(0 110 27.75)
(0 110 28.00)
(0 110 28.25)
(0 110 28.50)
(0 110 28.75)
(0 110 29.00)
(0 110 29.25)
(0 110 29.50)
(0 110 29.75)
(0 110 30.00)
(0 110 30.25)
(0 110 30.50)
(0 110 30.75)
(0 110 31.00)
(0 110 31.25)
(0 110 31.50)
(0 110 31.75)
(0 110 32.00)
(0 110 32.25)
(0 110 32.50)
(0 110 32.75)
(0 110 33.00)
(0 110 33.25)
(0 110 33.50)
(0 110 33.75)
(0 110 34.00)
(0 110 34.25)
(0 110 34.50)
(0 110 34.75)
(0 110 35.00)
(0 110 35.25)
(0 110 35.50)
(0 110 35.75)
(0 110 36.00)
(0 110 36.25)
(0 110 36.50)
(0 110 36.75)
(0 110 37.00)
(0 110 37.25)
(0 110 37.50)
(0 110 37.75)
(0 110 38.00)
(0 110 38.25)
(0 110 38.50)
(0 110 38.75)
(0 110 39.00)
(0 110 39.25)
(0 110 39.50)
(0 110 39.75)
(0 110 40.00)
(0 110 40.25)
(0 110 40.50)
(0 110 40.75)
(0 110 41.00)
(0 110 41.25)
(0 110 41.50)
(0 110 41.75)
(0 110 42.00)
(0 110 42.25)
(0 110 42.50)
(0 110 42.75)
(0 110 43.00)
(0 110 43.25)
(0 110 43.50)
(0 110 43.75)
(0 110 44.00)
(0 110 44.25)
(0 110 44.50)
(0 110 44.75)
(0 110 45.00)
(0 110 45.25)
(0 110 45.50)
(0 110 45.75)
(0 110 46.00)
(0 110 46.25)
(0 110 46.50)
(0 110 46.75)
(0 110 47.00)
(0 110 47.25)
(0 110 47.50)
(0 110 47.75)
(0 110 48.00)
(0 110 48.25)
(0 110 48.50)
(0 110 48.75)
(0 110 49.00)
(0 110 49.25)
(0 110 49.50)
(0 110 49.75)
(0 110 50.00)
(0 110 50.25)
(0 110 50.50)
(0 110 50.75)
(0 110 51.00)
(0 110 51.25)
(0 110 51.50)
(0 110 51.75)
(0 110 52.00)
(0 110 52.25)
(0 110 52.50)
(0 110 52.75)
(0 110 53.00)
(0 110 53.25)
(0 110 53.50)
(0 110 53.75)
(0 110 54.00)
(0 110 54.25)
(0 110 54.50)
(0 110 54.75)
(0 110 55.00)
(0 110 55.25)
(0 110 55.50)
(0 110 55.75)
(0 110 56.00)
(0 110 56.25)
(0 110 56.50)
(0 110 56.75)
(0 110 57.00)
(0 110 57.25)
(0 110 57.50)
(0 110 57.75)
(0 110 58.00)
(0 110 58.25)
(0 110 58.50)
(0 110 58.75)
(0 110 59.00)
(0 110 59.25)
(0 110 59.50)
(0 110 59.75)
(0 110 60.00)
(0 110 60.25)
(0 110 60.50)
(0 110 60.75)
(0 110 61.00)
(0 110 61.25)
(0 110 61.50)
(0 110 61.75)
(0 110 62.00)
(0 110 62.25)
(0 110 62.50)
(0 110 62.75)
(0 110 63.00)
(0 110 63.25)
(0 110 63.50)
(0 110 63.75)
(0 110 64.00)
(0 110 64.25)
(0 110 64.50)
(0 110 64.75)
(0 110 65.00)
(0 110 65.25)
(0 110 65.50)
(0 110 65.75)
(0 110 66.00)
(0 110 66.25)
(0 110 66.50)
(0 110 66.75)
(0 110 67.00)
(0 110 67.25)
(0 110 67.50)
(0 110 67.75)
(0 110 68.00)
(0 110 68.25)
(0 110 68.50)
(0 110 68.75)
(0 110 69.00)
(0 110 69.25)
(0 110 69.50)
(0 110 69.75)
(0 110 70.00)
(0 110 70.25)
(0 110 70.50)
(0 110 70.75)
(0 110 71.00)
(0 110 71.25)
(0 110 71.50)
(0 110 71.75)
(0 110 72.00)
(0 110 72.25)
(0 110 72.50)
(0 110 72.75)
(0 110 73.00)
(0 110 73.25)
(0 110 73.50)
(0 110 73.75)
(0 110 74.00)
(0 110 74.25)
(0 110 74.50)
(0 110 74.75)
(0 110 75.00)
(0 110 75.25)
(0 110 75.50)
(0 110 75.75)
(0 110 76.00)
(0 110 76.25)
(0 110 76.50)
(0 110 76.75)
(0 110 77.00)
(0 110 77.25)
(0 110 77.50)
(0 110 77.75)
(0 110 78.00)
(0 110 78.25)
(0 110 78.50)
(0 110 78.75)
(0 110 79.00)
(0 110 79.25)
(0 110 79.50)
(0 110 79.75)
(0 110 80.00)
(0 110 80.25)
(0 110 80.50)
(0 110 80.75)
(0 110 81.00)
(0 110 81.25)
(0 110 81.50)
(0 110 81.75)
(0 110 82.00)
(0 110 82.25)
(0 110 82.50)
(0 110 82.75)
(0 110 83.00)
(0 110 83.25)
(0 110 83.50)
(0 110 83.75)
(0 110 84.00)
(0 110 84.25)
(0 110 84.50)
(0 110 84.75)
(0 110 85.00)
(0 110 85.25)
(0 110 85.50)
(0 110 85.75)
(0 110 86.00)
(0 110 86.25)
(0 110 86.50)
(0 110 86.75)
(0 110 87.00)
(0 110 87.25)
(0 110 87.50)
(0 110 87.75)
(0 110 88.00)
(0 110 88.25)
(0 110 88.50)
(0 110 88.75)
(0 110 89.00)
(0 110 89.25)
(0 110 89.50)
(0 110 89.75)
(0 110 90.00)
(0 110 90.25)
(0 110 90.50)
(0 110 90.75)
(0 110 91.00)
(0 110 91.25)
(0 110 91.50)
(0 110 91.75)
(0 110 92.00)
(0 110 92.25)
(0 110 92.50)
(0 110 92.75)
(0 110 93.00)
(0 110 93.25)
(0 110 93.50)
(0 110 93.75)
(0 110 94.00)
(0 110 94.25)
(0 110 94.50)
(0 110 94.75)
(0 110 95.00)
(0 110 95.25)
(0 110 95.50)
(0 110 95.75)
(0 110 96.00)
(0 110 96.25)
(0 110 96.50)
(0 110 96.75)
(0 110 97.00)
(0 110 97.25)
(0 110 97.50)
(0 110 97.75)
(0 110 98.00)
(0 110 98.25)
(0 110 98.50)
(0 110 98.75)
(0 110 99.00)
(0 110 99.25)
(0 110 99.50)
(0 110 99.75)
(0 110 100.00)
)
