(
( 0.000000E+00 0 0 0.000000E+00 0 0.000000E+00 )
( 4.870778E-01 0 0 3.247185E-01 0 1.623593E-01 )
( 5.659842E-01 0 0 3.773228E-01 0 1.886614E-01 )
( 6.192790E-01 0 0 4.128526E-01 0 2.064263E-01 )
( 6.606934E-01 0 0 4.404623E-01 0 2.202311E-01 )
( 6.949591E-01 0 0 4.633061E-01 0 2.316530E-01 )
( 7.243284E-01 0 0 4.828856E-01 0 2.414428E-01 )
( 7.500691E-01 0 0 5.000461E-01 0 2.500230E-01 )
( 7.729738E-01 0 0 5.153159E-01 0 2.576579E-01 )
( 7.935756E-01 0 0 5.290504E-01 0 2.645252E-01 )
( 8.122524E-01 0 0 5.415016E-01 0 2.707508E-01 )
( 8.292839E-01 0 0 5.528559E-01 0 2.764280E-01 )
( 8.448838E-01 0 0 5.632559E-01 0 2.816279E-01 )
( 8.592198E-01 0 0 5.728132E-01 0 2.864066E-01 )
( 8.724265E-01 0 0 5.816177E-01 0 2.908088E-01 )
( 8.846142E-01 0 0 5.897428E-01 0 2.948714E-01 )
( 8.958745E-01 0 0 5.972497E-01 0 2.986248E-01 )
( 9.062849E-01 0 0 6.041899E-01 0 3.020950E-01 )
( 9.159112E-01 0 0 6.106075E-01 0 3.053037E-01 )
( 9.248107E-01 0 0 6.165404E-01 0 3.082702E-01 )
( 9.330330E-01 0 0 6.220220E-01 0 3.110110E-01 )
( 9.406220E-01 0 0 6.270813E-01 0 3.135407E-01 )
( 9.476166E-01 0 0 6.317444E-01 0 3.158722E-01 )
( 9.540514E-01 0 0 6.360343E-01 0 3.180171E-01 )
( 9.599577E-01 0 0 6.399718E-01 0 3.199859E-01 )
( 9.653638E-01 0 0 6.435759E-01 0 3.217879E-01 )
( 9.702953E-01 0 0 6.468635E-01 0 3.234318E-01 )
( 9.747758E-01 0 0 6.498505E-01 0 3.249253E-01 )
( 9.788269E-01 0 0 6.525512E-01 0 3.262756E-01 )
( 9.824684E-01 0 0 6.549789E-01 0 3.274895E-01 )
( 9.857189E-01 0 0 6.571459E-01 0 3.285730E-01 )
( 9.885954E-01 0 0 6.590636E-01 0 3.295318E-01 )
( 9.911140E-01 0 0 6.607426E-01 0 3.303713E-01 )
( 9.932896E-01 0 0 6.621931E-01 0 3.310965E-01 )
( 9.951363E-01 0 0 6.634242E-01 0 3.317121E-01 )
( 9.966673E-01 0 0 6.644449E-01 0 3.322224E-01 )
( 9.978950E-01 0 0 6.652633E-01 0 3.326317E-01 )
( 9.988313E-01 0 0 6.658875E-01 0 3.329438E-01 )
( 9.994872E-01 0 0 6.663248E-01 0 3.331624E-01 )
( 9.998734E-01 0 0 6.665823E-01 0 3.332911E-01 )
( 1.000000E+00 0 0 6.666667E-01 0 3.333333E-01 )
( 9.998765E-01 0 0 6.665844E-01 0 3.332922E-01 )
( 9.995122E-01 0 0 6.663415E-01 0 3.331707E-01 )
( 9.989158E-01 0 0 6.659439E-01 0 3.329719E-01 )
( 9.980956E-01 0 0 6.653971E-01 0 3.326985E-01 )
( 9.970598E-01 0 0 6.647065E-01 0 3.323533E-01 )
( 9.958159E-01 0 0 6.638773E-01 0 3.319386E-01 )
( 9.943715E-01 0 0 6.629143E-01 0 3.314572E-01 )
( 9.927337E-01 0 0 6.618224E-01 0 3.309112E-01 )
( 9.909092E-01 0 0 6.606062E-01 0 3.303031E-01 )
( 9.889048E-01 0 0 6.592699E-01 0 3.296349E-01 )
( 9.867268E-01 0 0 6.578179E-01 0 3.289089E-01 )
( 9.843814E-01 0 0 6.562543E-01 0 3.281271E-01 )
( 9.818745E-01 0 0 6.545830E-01 0 3.272915E-01 )
( 9.792118E-01 0 0 6.528079E-01 0 3.264039E-01 )
( 9.763989E-01 0 0 6.509326E-01 0 3.254663E-01 )
( 9.734413E-01 0 0 6.489609E-01 0 3.244804E-01 )
( 9.703440E-01 0 0 6.468960E-01 0 3.234480E-01 )
( 9.671122E-01 0 0 6.447415E-01 0 3.223707E-01 )
( 9.637508E-01 0 0 6.425005E-01 0 3.212503E-01 )
( 9.602645E-01 0 0 6.401763E-01 0 3.200882E-01 )
( 9.566579E-01 0 0 6.377719E-01 0 3.188860E-01 )
( 9.529355E-01 0 0 6.352903E-01 0 3.176452E-01 )
( 9.491017E-01 0 0 6.327344E-01 0 3.163672E-01 )
( 9.451606E-01 0 0 6.301071E-01 0 3.150535E-01 )
( 9.411164E-01 0 0 6.274109E-01 0 3.137055E-01 )
( 9.369730E-01 0 0 6.246487E-01 0 3.123243E-01 )
( 9.327344E-01 0 0 6.218229E-01 0 3.109115E-01 )
( 9.284043E-01 0 0 6.189362E-01 0 3.094681E-01 )
( 9.239864E-01 0 0 6.159909E-01 0 3.079955E-01 )
( 9.194842E-01 0 0 6.129895E-01 0 3.064947E-01 )
( 9.149013E-01 0 0 6.099342E-01 0 3.049671E-01 )
( 9.102410E-01 0 0 6.068273E-01 0 3.034137E-01 )
( 9.055066E-01 0 0 6.036711E-01 0 3.018355E-01 )
( 9.007013E-01 0 0 6.004676E-01 0 3.002338E-01 )
( 8.958283E-01 0 0 5.972189E-01 0 2.986094E-01 )
( 8.908905E-01 0 0 5.939270E-01 0 2.969635E-01 )
( 8.858911E-01 0 0 5.905940E-01 0 2.952970E-01 )
( 8.808327E-01 0 0 5.872218E-01 0 2.936109E-01 )
( 8.757183E-01 0 0 5.838122E-01 0 2.919061E-01 )
( 8.705506E-01 0 0 5.803670E-01 0 2.901835E-01 )
( 8.653322E-01 0 0 5.768881E-01 0 2.884441E-01 )
( 8.600658E-01 0 0 5.733772E-01 0 2.866886E-01 )
( 8.547539E-01 0 0 5.698360E-01 0 2.849180E-01 )
( 8.493990E-01 0 0 5.662660E-01 0 2.831330E-01 )
( 8.440035E-01 0 0 5.626690E-01 0 2.813345E-01 )
( 8.385697E-01 0 0 5.590465E-01 0 2.795232E-01 )
( 8.330999E-01 0 0 5.553999E-01 0 2.777000E-01 )
( 8.275963E-01 0 0 5.517309E-01 0 2.758654E-01 )
( 8.220612E-01 0 0 5.480408E-01 0 2.740204E-01 )
( 8.164966E-01 0 0 5.443311E-01 0 2.721655E-01 )
( 8.109046E-01 0 0 5.406030E-01 0 2.703015E-01 )
( 8.052871E-01 0 0 5.368581E-01 0 2.684290E-01 )
( 7.996463E-01 0 0 5.330975E-01 0 2.665488E-01 )
( 7.939839E-01 0 0 5.293226E-01 0 2.646613E-01 )
( 7.883018E-01 0 0 5.255345E-01 0 2.627673E-01 )
( 7.826018E-01 0 0 5.217345E-01 0 2.608673E-01 )
( 7.768857E-01 0 0 5.179238E-01 0 2.589619E-01 )
( 7.711553E-01 0 0 5.141035E-01 0 2.570518E-01 )
( 7.654121E-01 0 0 5.102747E-01 0 2.551374E-01 )
( 7.596578E-01 0 0 5.064385E-01 0 2.532193E-01 )
( 7.538940E-01 0 0 5.025960E-01 0 2.512980E-01 )
( 7.481222E-01 0 0 4.987481E-01 0 2.493741E-01 )
( 7.423439E-01 0 0 4.948960E-01 0 2.474480E-01 )
( 7.365607E-01 0 0 4.910405E-01 0 2.455202E-01 )
( 7.307738E-01 0 0 4.871825E-01 0 2.435913E-01 )
( 7.249847E-01 0 0 4.833232E-01 0 2.416616E-01 )
( 7.191948E-01 0 0 4.794632E-01 0 2.397316E-01 )
( 7.134053E-01 0 0 4.756035E-01 0 2.378018E-01 )
( 7.076175E-01 0 0 4.717450E-01 0 2.358725E-01 )
( 7.018326E-01 0 0 4.678884E-01 0 2.339442E-01 )
( 6.960519E-01 0 0 4.640346E-01 0 2.320173E-01 )
( 6.902765E-01 0 0 4.601844E-01 0 2.300922E-01 )
( 6.845076E-01 0 0 4.563384E-01 0 2.281692E-01 )
( 6.787462E-01 0 0 4.524975E-01 0 2.262487E-01 )
( 6.729934E-01 0 0 4.486623E-01 0 2.243311E-01 )
( 6.672503E-01 0 0 4.448335E-01 0 2.224168E-01 )
( 6.615178E-01 0 0 4.410119E-01 0 2.205059E-01 )
( 6.557970E-01 0 0 4.371980E-01 0 2.185990E-01 )
( 6.500887E-01 0 0 4.333925E-01 0 2.166962E-01 )
( 6.443940E-01 0 0 4.295960E-01 0 2.147980E-01 )
( 6.387137E-01 0 0 4.258091E-01 0 2.129046E-01 )
( 6.330486E-01 0 0 4.220324E-01 0 2.110162E-01 )
( 6.273997E-01 0 0 4.182664E-01 0 2.091332E-01 )
( 6.217676E-01 0 0 4.145117E-01 0 2.072559E-01 )
( 6.161532E-01 0 0 4.107688E-01 0 2.053844E-01 )
( 6.105573E-01 0 0 4.070382E-01 0 2.035191E-01 )
( 6.049806E-01 0 0 4.033204E-01 0 2.016602E-01 )
( 5.994238E-01 0 0 3.996159E-01 0 1.998079E-01 )
( 5.938876E-01 0 0 3.959251E-01 0 1.979625E-01 )
( 5.883727E-01 0 0 3.922484E-01 0 1.961242E-01 )
( 5.828796E-01 0 0 3.885864E-01 0 1.942932E-01 )
( 5.774091E-01 0 0 3.849394E-01 0 1.924697E-01 )
( 5.719616E-01 0 0 3.813077E-01 0 1.906539E-01 )
( 5.665379E-01 0 0 3.776919E-01 0 1.888460E-01 )
( 5.611384E-01 0 0 3.740922E-01 0 1.870461E-01 )
( 5.557636E-01 0 0 3.705091E-01 0 1.852545E-01 )
( 5.504142E-01 0 0 3.669428E-01 0 1.834714E-01 )
( 5.450905E-01 0 0 3.633937E-01 0 1.816968E-01 )
( 5.397932E-01 0 0 3.598621E-01 0 1.799311E-01 )
( 5.345225E-01 0 0 3.563483E-01 0 1.781742E-01 )
( 5.292790E-01 0 0 3.528527E-01 0 1.764263E-01 )
( 5.240630E-01 0 0 3.493754E-01 0 1.746877E-01 )
( 5.188751E-01 0 0 3.459167E-01 0 1.729584E-01 )
( 5.137155E-01 0 0 3.424770E-01 0 1.712385E-01 )
( 5.085847E-01 0 0 3.390565E-01 0 1.695282E-01 )
( 5.034830E-01 0 0 3.356553E-01 0 1.678277E-01 )
( 4.984107E-01 0 0 3.322738E-01 0 1.661369E-01 )
( 4.933681E-01 0 0 3.289121E-01 0 1.644560E-01 )
( 4.883556E-01 0 0 3.255704E-01 0 1.627852E-01 )
( 4.833735E-01 0 0 3.222490E-01 0 1.611245E-01 )
( 4.784219E-01 0 0 3.189480E-01 0 1.594740E-01 )
( 4.735013E-01 0 0 3.156675E-01 0 1.578338E-01 )
( 4.686118E-01 0 0 3.124079E-01 0 1.562039E-01 )
( 4.637537E-01 0 0 3.091691E-01 0 1.545846E-01 )
( 4.589272E-01 0 0 3.059514E-01 0 1.529757E-01 )
( 4.541324E-01 0 0 3.027550E-01 0 1.513775E-01 )
( 4.493697E-01 0 0 2.995798E-01 0 1.497899E-01 )
( 4.446392E-01 0 0 2.964261E-01 0 1.482131E-01 )
( 4.399410E-01 0 0 2.932940E-01 0 1.466470E-01 )
( 4.352753E-01 0 0 2.901835E-01 0 1.450918E-01 )
( 4.306423E-01 0 0 2.870948E-01 0 1.435474E-01 )
( 4.260420E-01 0 0 2.840280E-01 0 1.420140E-01 )
( 4.214747E-01 0 0 2.809831E-01 0 1.404916E-01 )
( 4.169404E-01 0 0 2.779603E-01 0 1.389801E-01 )
( 4.124393E-01 0 0 2.749595E-01 0 1.374798E-01 )
( 4.079714E-01 0 0 2.719809E-01 0 1.359905E-01 )
( 4.035368E-01 0 0 2.690245E-01 0 1.345123E-01 )
( 3.991356E-01 0 0 2.660904E-01 0 1.330452E-01 )
( 3.947678E-01 0 0 2.631786E-01 0 1.315893E-01 )
( 3.904336E-01 0 0 2.602891E-01 0 1.301445E-01 )
( 3.861329E-01 0 0 2.574220E-01 0 1.287110E-01 )
( 3.818658E-01 0 0 2.545772E-01 0 1.272886E-01 )
( 3.776324E-01 0 0 2.517549E-01 0 1.258775E-01 )
( 3.734326E-01 0 0 2.489550E-01 0 1.244775E-01 )
( 3.692664E-01 0 0 2.461776E-01 0 1.230888E-01 )
( 3.651339E-01 0 0 2.434226E-01 0 1.217113E-01 )
( 3.610351E-01 0 0 2.406901E-01 0 1.203450E-01 )
( 3.569699E-01 0 0 2.379799E-01 0 1.189900E-01 )
( 3.529383E-01 0 0 2.352922E-01 0 1.176461E-01 )
( 3.489404E-01 0 0 2.326269E-01 0 1.163135E-01 )
( 3.449760E-01 0 0 2.299840E-01 0 1.149920E-01 )
( 3.410452E-01 0 0 2.273634E-01 0 1.136817E-01 )
( 3.371478E-01 0 0 2.247652E-01 0 1.123826E-01 )
( 3.332839E-01 0 0 2.221893E-01 0 1.110946E-01 )
( 3.294534E-01 0 0 2.196356E-01 0 1.098178E-01 )
( 3.256562E-01 0 0 2.171041E-01 0 1.085521E-01 )
( 3.218922E-01 0 0 2.145948E-01 0 1.072974E-01 )
( 3.181615E-01 0 0 2.121076E-01 0 1.060538E-01 )
( 3.144638E-01 0 0 2.096425E-01 0 1.048213E-01 )
( 3.107991E-01 0 0 2.071994E-01 0 1.035997E-01 )
( 3.071674E-01 0 0 2.047783E-01 0 1.023891E-01 )
( 3.035685E-01 0 0 2.023790E-01 0 1.011895E-01 )
( 3.000023E-01 0 0 2.000015E-01 0 1.000008E-01 )
( 2.964687E-01 0 0 1.976458E-01 0 9.882290E-02 )
( 2.929677E-01 0 0 1.953118E-01 0 9.765588E-02 )
( 2.894990E-01 0 0 1.929993E-01 0 9.649966E-02 )
( 2.860626E-01 0 0 1.907084E-01 0 9.535421E-02 )
( 2.826584E-01 0 0 1.884389E-01 0 9.421947E-02 )
( 2.792862E-01 0 0 1.861908E-01 0 9.309540E-02 )
( 2.759459E-01 0 0 1.839640E-01 0 9.198198E-02 )
( 2.726374E-01 0 0 1.817583E-01 0 9.087914E-02 )
( 2.693605E-01 0 0 1.795737E-01 0 8.978685E-02 )
( 2.661152E-01 0 0 1.774101E-01 0 8.870505E-02 )
( 2.629011E-01 0 0 1.752674E-01 0 8.763371E-02 )
( 2.597183E-01 0 0 1.731455E-01 0 8.657277E-02 )
( 2.565665E-01 0 0 1.710444E-01 0 8.552218E-02 )
( 2.534457E-01 0 0 1.689638E-01 0 8.448189E-02 )
( 2.503555E-01 0 0 1.669037E-01 0 8.345184E-02 )
( 2.472960E-01 0 0 1.648640E-01 0 8.243200E-02 )
( 2.442669E-01 0 0 1.628446E-01 0 8.142229E-02 )
( 2.412680E-01 0 0 1.608454E-01 0 8.042268E-02 )
( 2.382993E-01 0 0 1.588662E-01 0 7.943310E-02 )
( 2.353605E-01 0 0 1.569070E-01 0 7.845349E-02 )
( 2.324514E-01 0 0 1.549676E-01 0 7.748381E-02 )
( 2.295720E-01 0 0 1.530480E-01 0 7.652399E-02 )
( 2.267219E-01 0 0 1.511479E-01 0 7.557397E-02 )
( 2.239011E-01 0 0 1.492674E-01 0 7.463370E-02 )
( 2.211094E-01 0 0 1.474062E-01 0 7.370312E-02 )
( 2.183465E-01 0 0 1.455643E-01 0 7.278216E-02 )
( 2.156123E-01 0 0 1.437415E-01 0 7.187077E-02 )
( 2.129067E-01 0 0 1.419378E-01 0 7.096889E-02 )
( 2.102294E-01 0 0 1.401529E-01 0 7.007646E-02 )
( 2.075802E-01 0 0 1.383868E-01 0 6.919340E-02 )
( 2.049590E-01 0 0 1.366393E-01 0 6.831967E-02 )
( 2.023656E-01 0 0 1.349104E-01 0 6.745520E-02 )
( 1.997998E-01 0 0 1.331998E-01 0 6.659992E-02 )
( 1.972613E-01 0 0 1.315075E-01 0 6.575377E-02 )
( 1.947501E-01 0 0 1.298334E-01 0 6.491669E-02 )
( 1.922659E-01 0 0 1.281772E-01 0 6.408862E-02 )
( 1.898085E-01 0 0 1.265390E-01 0 6.326948E-02 )
( 1.873777E-01 0 0 1.249185E-01 0 6.245923E-02 )
( 1.849733E-01 0 0 1.233156E-01 0 6.165778E-02 )
( 1.825952E-01 0 0 1.217302E-01 0 6.086508E-02 )
( 1.802432E-01 0 0 1.201621E-01 0 6.008106E-02 )
( 1.779170E-01 0 0 1.186113E-01 0 5.930565E-02 )
( 1.756164E-01 0 0 1.170776E-01 0 5.853879E-02 )
( 1.733413E-01 0 0 1.155608E-01 0 5.778042E-02 )
( 1.710914E-01 0 0 1.140609E-01 0 5.703047E-02 )
( 1.688666E-01 0 0 1.125777E-01 0 5.628887E-02 )
( 1.666667E-01 0 0 1.111111E-01 0 5.555556E-02 )
( 1.644914E-01 0 0 1.096609E-01 0 5.483046E-02 )
( 1.623406E-01 0 0 1.082270E-01 0 5.411352E-02 )
( 1.602140E-01 0 0 1.068093E-01 0 5.340467E-02 )
( 1.581115E-01 0 0 1.054077E-01 0 5.270385E-02 )
( 1.560329E-01 0 0 1.040220E-01 0 5.201098E-02 )
( 1.539780E-01 0 0 1.026520E-01 0 5.132599E-02 )
( 1.519465E-01 0 0 1.012977E-01 0 5.064884E-02 )
( 1.499383E-01 0 0 9.995888E-02 0 4.997944E-02 )
( 1.479532E-01 0 0 9.863547E-02 0 4.931773E-02 )
( 1.459910E-01 0 0 9.732731E-02 0 4.866366E-02 )
( 1.440514E-01 0 0 9.603427E-02 0 4.801714E-02 )
( 1.421343E-01 0 0 9.475623E-02 0 4.737811E-02 )
( 1.402396E-01 0 0 9.349304E-02 0 4.674652E-02 )
( 1.383669E-01 0 0 9.224458E-02 0 4.612229E-02 )
( 1.365161E-01 0 0 9.101072E-02 0 4.550536E-02 )
( 1.346870E-01 0 0 8.979132E-02 0 4.489566E-02 )
( 1.328794E-01 0 0 8.858627E-02 0 4.429313E-02 )
( 1.310931E-01 0 0 8.739542E-02 0 4.369771E-02 )
( 1.293280E-01 0 0 8.621864E-02 0 4.310932E-02 )
( 1.275837E-01 0 0 8.505582E-02 0 4.252791E-02 )
( 1.258602E-01 0 0 8.390682E-02 0 4.195341E-02 )
( 1.241573E-01 0 0 8.277151E-02 0 4.138576E-02 )
( 1.224747E-01 0 0 8.164977E-02 0 4.082489E-02 )
( 1.208122E-01 0 0 8.054147E-02 0 4.027073E-02 )
( 1.191697E-01 0 0 7.944647E-02 0 3.972324E-02 )
( 1.175470E-01 0 0 7.836467E-02 0 3.918233E-02 )
( 1.159439E-01 0 0 7.729592E-02 0 3.864796E-02 )
( 1.143602E-01 0 0 7.624010E-02 0 3.812005E-02 )
( 1.127956E-01 0 0 7.519710E-02 0 3.759855E-02 )
( 1.112502E-01 0 0 7.416678E-02 0 3.708339E-02 )
( 1.097235E-01 0 0 7.314902E-02 0 3.657451E-02 )
( 1.082155E-01 0 0 7.214370E-02 0 3.607185E-02 )
( 1.067260E-01 0 0 7.115070E-02 0 3.557535E-02 )
( 1.052548E-01 0 0 7.016989E-02 0 3.508494E-02 )
( 1.038017E-01 0 0 6.920115E-02 0 3.460058E-02 )
( 1.023666E-01 0 0 6.824437E-02 0 3.412218E-02 )
( 1.009491E-01 0 0 6.729942E-02 0 3.364971E-02 )
( 9.954927E-02 0 0 6.636618E-02 0 3.318309E-02 )
( 9.816681E-02 0 0 6.544454E-02 0 3.272227E-02 )
( 9.680156E-02 0 0 6.453437E-02 0 3.226719E-02 )
( 9.545335E-02 0 0 6.363557E-02 0 3.181778E-02 )
( 9.412200E-02 0 0 6.274800E-02 0 3.137400E-02 )
( 9.280735E-02 0 0 6.187157E-02 0 3.093578E-02 )
( 9.150921E-02 0 0 6.100614E-02 0 3.050307E-02 )
( 9.022742E-02 0 0 6.015161E-02 0 3.007581E-02 )
( 8.896180E-02 0 0 5.930787E-02 0 2.965393E-02 )
( 8.771219E-02 0 0 5.847479E-02 0 2.923740E-02 )
( 8.647841E-02 0 0 5.765227E-02 0 2.882614E-02 )
( 8.526030E-02 0 0 5.684020E-02 0 2.842010E-02 )
( 8.405770E-02 0 0 5.603847E-02 0 2.801923E-02 )
( 8.287043E-02 0 0 5.524695E-02 0 2.762348E-02 )
( 8.169833E-02 0 0 5.446556E-02 0 2.723278E-02 )
( 8.054125E-02 0 0 5.369416E-02 0 2.684708E-02 )
( 7.939901E-02 0 0 5.293267E-02 0 2.646634E-02 )
( 7.827146E-02 0 0 5.218097E-02 0 2.609049E-02 )
( 7.715843E-02 0 0 5.143896E-02 0 2.571948E-02 )
( 7.605978E-02 0 0 5.070652E-02 0 2.535326E-02 )
( 7.497533E-02 0 0 4.998356E-02 0 2.499178E-02 )
( 7.390495E-02 0 0 4.926996E-02 0 2.463498E-02 )
( 7.284846E-02 0 0 4.856564E-02 0 2.428282E-02 )
( 7.180572E-02 0 0 4.787048E-02 0 2.393524E-02 )
( 7.077657E-02 0 0 4.718438E-02 0 2.359219E-02 )
( 6.976086E-02 0 0 4.650724E-02 0 2.325362E-02 )
( 6.875845E-02 0 0 4.583896E-02 0 2.291948E-02 )
( 6.776918E-02 0 0 4.517945E-02 0 2.258973E-02 )
( 6.679290E-02 0 0 4.452860E-02 0 2.226430E-02 )
( 6.582947E-02 0 0 4.388631E-02 0 2.194316E-02 )
( 6.487874E-02 0 0 4.325250E-02 0 2.162625E-02 )
( 6.394057E-02 0 0 4.262705E-02 0 2.131352E-02 )
( 6.301482E-02 0 0 4.200988E-02 0 2.100494E-02 )
( 6.210134E-02 0 0 4.140089E-02 0 2.070045E-02 )
( 6.119999E-02 0 0 4.079999E-02 0 2.040000E-02 )
( 6.031063E-02 0 0 4.020709E-02 0 2.010354E-02 )
( 5.943313E-02 0 0 3.962208E-02 0 1.981104E-02 )
( 5.856734E-02 0 0 3.904489E-02 0 1.952245E-02 )
( 5.771313E-02 0 0 3.847542E-02 0 1.923771E-02 )
( 5.687036E-02 0 0 3.791358E-02 0 1.895679E-02 )
( 5.603891E-02 0 0 3.735927E-02 0 1.867964E-02 )
( 5.521864E-02 0 0 3.681242E-02 0 1.840621E-02 )
( 5.440941E-02 0 0 3.627294E-02 0 1.813647E-02 )
( 5.361110E-02 0 0 3.574073E-02 0 1.787037E-02 )
( 5.282358E-02 0 0 3.521572E-02 0 1.760786E-02 )
( 5.204671E-02 0 0 3.469781E-02 0 1.734890E-02 )
( 5.128038E-02 0 0 3.418692E-02 0 1.709346E-02 )
( 5.052446E-02 0 0 3.368297E-02 0 1.684149E-02 )
( 4.977882E-02 0 0 3.318588E-02 0 1.659294E-02 )
( 4.904334E-02 0 0 3.269556E-02 0 1.634778E-02 )
( 4.831790E-02 0 0 3.221193E-02 0 1.610597E-02 )
( 4.760237E-02 0 0 3.173492E-02 0 1.586746E-02 )
( 4.689665E-02 0 0 3.126443E-02 0 1.563222E-02 )
( 4.620059E-02 0 0 3.080040E-02 0 1.540020E-02 )
( 4.551410E-02 0 0 3.034274E-02 0 1.517137E-02 )
( 4.483706E-02 0 0 2.989137E-02 0 1.494569E-02 )
( 4.416934E-02 0 0 2.944622E-02 0 1.472311E-02 )
( 4.351083E-02 0 0 2.900722E-02 0 1.450361E-02 )
( 4.286143E-02 0 0 2.857429E-02 0 1.428714E-02 )
( 4.222102E-02 0 0 2.814734E-02 0 1.407367E-02 )
( 4.158948E-02 0 0 2.772632E-02 0 1.386316E-02 )
( 4.096671E-02 0 0 2.731114E-02 0 1.365557E-02 )
( 4.035261E-02 0 0 2.690174E-02 0 1.345087E-02 )
( 3.974705E-02 0 0 2.649804E-02 0 1.324902E-02 )
( 3.914995E-02 0 0 2.609996E-02 0 1.304998E-02 )
( 3.856118E-02 0 0 2.570745E-02 0 1.285373E-02 )
( 3.798065E-02 0 0 2.532043E-02 0 1.266022E-02 )
( 3.740825E-02 0 0 2.493883E-02 0 1.246942E-02 )
( 3.684388E-02 0 0 2.456259E-02 0 1.228129E-02 )
( 3.628744E-02 0 0 2.419163E-02 0 1.209581E-02 )
( 3.573883E-02 0 0 2.382589E-02 0 1.191294E-02 )
( 3.519795E-02 0 0 2.346530E-02 0 1.173265E-02 )
( 3.466471E-02 0 0 2.310980E-02 0 1.155490E-02 )
( 3.413899E-02 0 0 2.275933E-02 0 1.137966E-02 )
( 3.362072E-02 0 0 2.241381E-02 0 1.120691E-02 )
( 3.310979E-02 0 0 2.207320E-02 0 1.103660E-02 )
( 3.260612E-02 0 0 2.173741E-02 0 1.086871E-02 )
( 3.210960E-02 0 0 2.140640E-02 0 1.070320E-02 )
( 3.162014E-02 0 0 2.108009E-02 0 1.054005E-02 )
( 3.113766E-02 0 0 2.075844E-02 0 1.037922E-02 )
( 3.066206E-02 0 0 2.044138E-02 0 1.022069E-02 )
( 3.019326E-02 0 0 2.012884E-02 0 1.006442E-02 )
( 2.973117E-02 0 0 1.982078E-02 0 9.910390E-03 )
( 2.927570E-02 0 0 1.951713E-02 0 9.758565E-03 )
( 2.882676E-02 0 0 1.921784E-02 0 9.608919E-03 )
( 2.838427E-02 0 0 1.892284E-02 0 9.461422E-03 )
( 2.794814E-02 0 0 1.863209E-02 0 9.316047E-03 )
( 2.751830E-02 0 0 1.834553E-02 0 9.172766E-03 )
( 2.709465E-02 0 0 1.806310E-02 0 9.031551E-03 )
( 2.667713E-02 0 0 1.778475E-02 0 8.892376E-03 )
( 2.626564E-02 0 0 1.751043E-02 0 8.755213E-03 )
( 2.586011E-02 0 0 1.724007E-02 0 8.620036E-03 )
( 2.546045E-02 0 0 1.697364E-02 0 8.486818E-03 )
( 2.506660E-02 0 0 1.671107E-02 0 8.355534E-03 )
( 2.467847E-02 0 0 1.645232E-02 0 8.226158E-03 )
( 2.429599E-02 0 0 1.619733E-02 0 8.098665E-03 )
( 2.391909E-02 0 0 1.594606E-02 0 7.973029E-03 )
( 2.354768E-02 0 0 1.569845E-02 0 7.849226E-03 )
( 2.318170E-02 0 0 1.545446E-02 0 7.727232E-03 )
( 2.282107E-02 0 0 1.521404E-02 0 7.607022E-03 )
( 2.246571E-02 0 0 1.497714E-02 0 7.488572E-03 )
( 2.211557E-02 0 0 1.474372E-02 0 7.371858E-03 )
( 2.177057E-02 0 0 1.451372E-02 0 7.256858E-03 )
( 2.143064E-02 0 0 1.428710E-02 0 7.143548E-03 )
( 2.109571E-02 0 0 1.406381E-02 0 7.031905E-03 )
( 2.076572E-02 0 0 1.384381E-02 0 6.921907E-03 )
( 2.044059E-02 0 0 1.362706E-02 0 6.813531E-03 )
( 2.012027E-02 0 0 1.341351E-02 0 6.706755E-03 )
( 1.980468E-02 0 0 1.320312E-02 0 6.601559E-03 )
( 1.949376E-02 0 0 1.299584E-02 0 6.497919E-03 )
( 1.918745E-02 0 0 1.279163E-02 0 6.395816E-03 )
( 1.888568E-02 0 0 1.259045E-02 0 6.295227E-03 )
( 1.858840E-02 0 0 1.239226E-02 0 6.196132E-03 )
( 1.829553E-02 0 0 1.219702E-02 0 6.098511E-03 )
( 1.800703E-02 0 0 1.200469E-02 0 6.002344E-03 )
( 1.772283E-02 0 0 1.181522E-02 0 5.907609E-03 )
( 1.744287E-02 0 0 1.162858E-02 0 5.814289E-03 )
( 1.716709E-02 0 0 1.144473E-02 0 5.722363E-03 )
( 1.689543E-02 0 0 1.126362E-02 0 5.631811E-03 )
( 1.662785E-02 0 0 1.108523E-02 0 5.542616E-03 )
( 1.636427E-02 0 0 1.090951E-02 0 5.454757E-03 )
( 1.610465E-02 0 0 1.073643E-02 0 5.368217E-03 )
( 1.584893E-02 0 0 1.056595E-02 0 5.282977E-03 )
( 0.000000E+00 0 0 0.000000E+00 0 0.000000E+00 )
( 4.870778E-01 0 0 3.247185E-01 0 1.623593E-01 )
( 5.659842E-01 0 0 3.773228E-01 0 1.886614E-01 )
( 6.192790E-01 0 0 4.128526E-01 0 2.064263E-01 )
( 6.606934E-01 0 0 4.404623E-01 0 2.202311E-01 )
( 6.949591E-01 0 0 4.633061E-01 0 2.316530E-01 )
( 7.243284E-01 0 0 4.828856E-01 0 2.414428E-01 )
( 7.500691E-01 0 0 5.000461E-01 0 2.500230E-01 )
( 7.729738E-01 0 0 5.153159E-01 0 2.576579E-01 )
( 7.935756E-01 0 0 5.290504E-01 0 2.645252E-01 )
( 8.122524E-01 0 0 5.415016E-01 0 2.707508E-01 )
( 8.292839E-01 0 0 5.528559E-01 0 2.764280E-01 )
( 8.448838E-01 0 0 5.632559E-01 0 2.816279E-01 )
( 8.592198E-01 0 0 5.728132E-01 0 2.864066E-01 )
( 8.724265E-01 0 0 5.816177E-01 0 2.908088E-01 )
( 8.846142E-01 0 0 5.897428E-01 0 2.948714E-01 )
( 8.958745E-01 0 0 5.972497E-01 0 2.986248E-01 )
( 9.062849E-01 0 0 6.041899E-01 0 3.020950E-01 )
( 9.159112E-01 0 0 6.106075E-01 0 3.053037E-01 )
( 9.248107E-01 0 0 6.165404E-01 0 3.082702E-01 )
( 9.330330E-01 0 0 6.220220E-01 0 3.110110E-01 )
( 9.406220E-01 0 0 6.270813E-01 0 3.135407E-01 )
( 9.476166E-01 0 0 6.317444E-01 0 3.158722E-01 )
( 9.540514E-01 0 0 6.360343E-01 0 3.180171E-01 )
( 9.599577E-01 0 0 6.399718E-01 0 3.199859E-01 )
( 9.653638E-01 0 0 6.435759E-01 0 3.217879E-01 )
( 9.702953E-01 0 0 6.468635E-01 0 3.234318E-01 )
( 9.747758E-01 0 0 6.498505E-01 0 3.249253E-01 )
( 9.788269E-01 0 0 6.525512E-01 0 3.262756E-01 )
( 9.824684E-01 0 0 6.549789E-01 0 3.274895E-01 )
( 9.857189E-01 0 0 6.571459E-01 0 3.285730E-01 )
( 9.885954E-01 0 0 6.590636E-01 0 3.295318E-01 )
( 9.911140E-01 0 0 6.607426E-01 0 3.303713E-01 )
( 9.932896E-01 0 0 6.621931E-01 0 3.310965E-01 )
( 9.951363E-01 0 0 6.634242E-01 0 3.317121E-01 )
( 9.966673E-01 0 0 6.644449E-01 0 3.322224E-01 )
( 9.978950E-01 0 0 6.652633E-01 0 3.326317E-01 )
( 9.988313E-01 0 0 6.658875E-01 0 3.329438E-01 )
( 9.994872E-01 0 0 6.663248E-01 0 3.331624E-01 )
( 9.998734E-01 0 0 6.665823E-01 0 3.332911E-01 )
( 1.000000E+00 0 0 6.666667E-01 0 3.333333E-01 )
( 9.998765E-01 0 0 6.665844E-01 0 3.332922E-01 )
( 9.995122E-01 0 0 6.663415E-01 0 3.331707E-01 )
( 9.989158E-01 0 0 6.659439E-01 0 3.329719E-01 )
( 9.980956E-01 0 0 6.653971E-01 0 3.326985E-01 )
( 9.970598E-01 0 0 6.647065E-01 0 3.323533E-01 )
( 9.958159E-01 0 0 6.638773E-01 0 3.319386E-01 )
( 9.943715E-01 0 0 6.629143E-01 0 3.314572E-01 )
( 9.927337E-01 0 0 6.618224E-01 0 3.309112E-01 )
( 9.909092E-01 0 0 6.606062E-01 0 3.303031E-01 )
( 9.889048E-01 0 0 6.592699E-01 0 3.296349E-01 )
( 9.867268E-01 0 0 6.578179E-01 0 3.289089E-01 )
( 9.843814E-01 0 0 6.562543E-01 0 3.281271E-01 )
( 9.818745E-01 0 0 6.545830E-01 0 3.272915E-01 )
( 9.792118E-01 0 0 6.528079E-01 0 3.264039E-01 )
( 9.763989E-01 0 0 6.509326E-01 0 3.254663E-01 )
( 9.734413E-01 0 0 6.489609E-01 0 3.244804E-01 )
( 9.703440E-01 0 0 6.468960E-01 0 3.234480E-01 )
( 9.671122E-01 0 0 6.447415E-01 0 3.223707E-01 )
( 9.637508E-01 0 0 6.425005E-01 0 3.212503E-01 )
( 9.602645E-01 0 0 6.401763E-01 0 3.200882E-01 )
( 9.566579E-01 0 0 6.377719E-01 0 3.188860E-01 )
( 9.529355E-01 0 0 6.352903E-01 0 3.176452E-01 )
( 9.491017E-01 0 0 6.327344E-01 0 3.163672E-01 )
( 9.451606E-01 0 0 6.301071E-01 0 3.150535E-01 )
( 9.411164E-01 0 0 6.274109E-01 0 3.137055E-01 )
( 9.369730E-01 0 0 6.246487E-01 0 3.123243E-01 )
( 9.327344E-01 0 0 6.218229E-01 0 3.109115E-01 )
( 9.284043E-01 0 0 6.189362E-01 0 3.094681E-01 )
( 9.239864E-01 0 0 6.159909E-01 0 3.079955E-01 )
( 9.194842E-01 0 0 6.129895E-01 0 3.064947E-01 )
( 9.149013E-01 0 0 6.099342E-01 0 3.049671E-01 )
( 9.102410E-01 0 0 6.068273E-01 0 3.034137E-01 )
( 9.055066E-01 0 0 6.036711E-01 0 3.018355E-01 )
( 9.007013E-01 0 0 6.004676E-01 0 3.002338E-01 )
( 8.958283E-01 0 0 5.972189E-01 0 2.986094E-01 )
( 8.908905E-01 0 0 5.939270E-01 0 2.969635E-01 )
( 8.858911E-01 0 0 5.905940E-01 0 2.952970E-01 )
( 8.808327E-01 0 0 5.872218E-01 0 2.936109E-01 )
( 8.757183E-01 0 0 5.838122E-01 0 2.919061E-01 )
( 8.705506E-01 0 0 5.803670E-01 0 2.901835E-01 )
( 8.653322E-01 0 0 5.768881E-01 0 2.884441E-01 )
( 8.600658E-01 0 0 5.733772E-01 0 2.866886E-01 )
( 8.547539E-01 0 0 5.698360E-01 0 2.849180E-01 )
( 8.493990E-01 0 0 5.662660E-01 0 2.831330E-01 )
( 8.440035E-01 0 0 5.626690E-01 0 2.813345E-01 )
( 8.385697E-01 0 0 5.590465E-01 0 2.795232E-01 )
( 8.330999E-01 0 0 5.553999E-01 0 2.777000E-01 )
( 8.275963E-01 0 0 5.517309E-01 0 2.758654E-01 )
( 8.220612E-01 0 0 5.480408E-01 0 2.740204E-01 )
( 8.164966E-01 0 0 5.443311E-01 0 2.721655E-01 )
( 8.109046E-01 0 0 5.406030E-01 0 2.703015E-01 )
( 8.052871E-01 0 0 5.368581E-01 0 2.684290E-01 )
( 7.996463E-01 0 0 5.330975E-01 0 2.665488E-01 )
( 7.939839E-01 0 0 5.293226E-01 0 2.646613E-01 )
( 7.883018E-01 0 0 5.255345E-01 0 2.627673E-01 )
( 7.826018E-01 0 0 5.217345E-01 0 2.608673E-01 )
( 7.768857E-01 0 0 5.179238E-01 0 2.589619E-01 )
( 7.711553E-01 0 0 5.141035E-01 0 2.570518E-01 )
( 7.654121E-01 0 0 5.102747E-01 0 2.551374E-01 )
( 7.596578E-01 0 0 5.064385E-01 0 2.532193E-01 )
( 7.538940E-01 0 0 5.025960E-01 0 2.512980E-01 )
( 7.481222E-01 0 0 4.987481E-01 0 2.493741E-01 )
( 7.423439E-01 0 0 4.948960E-01 0 2.474480E-01 )
( 7.365607E-01 0 0 4.910405E-01 0 2.455202E-01 )
( 7.307738E-01 0 0 4.871825E-01 0 2.435913E-01 )
( 7.249847E-01 0 0 4.833232E-01 0 2.416616E-01 )
( 7.191948E-01 0 0 4.794632E-01 0 2.397316E-01 )
( 7.134053E-01 0 0 4.756035E-01 0 2.378018E-01 )
( 7.076175E-01 0 0 4.717450E-01 0 2.358725E-01 )
( 7.018326E-01 0 0 4.678884E-01 0 2.339442E-01 )
( 6.960519E-01 0 0 4.640346E-01 0 2.320173E-01 )
( 6.902765E-01 0 0 4.601844E-01 0 2.300922E-01 )
( 6.845076E-01 0 0 4.563384E-01 0 2.281692E-01 )
( 6.787462E-01 0 0 4.524975E-01 0 2.262487E-01 )
( 6.729934E-01 0 0 4.486623E-01 0 2.243311E-01 )
( 6.672503E-01 0 0 4.448335E-01 0 2.224168E-01 )
( 6.615178E-01 0 0 4.410119E-01 0 2.205059E-01 )
( 6.557970E-01 0 0 4.371980E-01 0 2.185990E-01 )
( 6.500887E-01 0 0 4.333925E-01 0 2.166962E-01 )
( 6.443940E-01 0 0 4.295960E-01 0 2.147980E-01 )
( 6.387137E-01 0 0 4.258091E-01 0 2.129046E-01 )
( 6.330486E-01 0 0 4.220324E-01 0 2.110162E-01 )
( 6.273997E-01 0 0 4.182664E-01 0 2.091332E-01 )
( 6.217676E-01 0 0 4.145117E-01 0 2.072559E-01 )
( 6.161532E-01 0 0 4.107688E-01 0 2.053844E-01 )
( 6.105573E-01 0 0 4.070382E-01 0 2.035191E-01 )
( 6.049806E-01 0 0 4.033204E-01 0 2.016602E-01 )
( 5.994238E-01 0 0 3.996159E-01 0 1.998079E-01 )
( 5.938876E-01 0 0 3.959251E-01 0 1.979625E-01 )
( 5.883727E-01 0 0 3.922484E-01 0 1.961242E-01 )
( 5.828796E-01 0 0 3.885864E-01 0 1.942932E-01 )
( 5.774091E-01 0 0 3.849394E-01 0 1.924697E-01 )
( 5.719616E-01 0 0 3.813077E-01 0 1.906539E-01 )
( 5.665379E-01 0 0 3.776919E-01 0 1.888460E-01 )
( 5.611384E-01 0 0 3.740922E-01 0 1.870461E-01 )
( 5.557636E-01 0 0 3.705091E-01 0 1.852545E-01 )
( 5.504142E-01 0 0 3.669428E-01 0 1.834714E-01 )
( 5.450905E-01 0 0 3.633937E-01 0 1.816968E-01 )
( 5.397932E-01 0 0 3.598621E-01 0 1.799311E-01 )
( 5.345225E-01 0 0 3.563483E-01 0 1.781742E-01 )
( 5.292790E-01 0 0 3.528527E-01 0 1.764263E-01 )
( 5.240630E-01 0 0 3.493754E-01 0 1.746877E-01 )
( 5.188751E-01 0 0 3.459167E-01 0 1.729584E-01 )
( 5.137155E-01 0 0 3.424770E-01 0 1.712385E-01 )
( 5.085847E-01 0 0 3.390565E-01 0 1.695282E-01 )
( 5.034830E-01 0 0 3.356553E-01 0 1.678277E-01 )
( 4.984107E-01 0 0 3.322738E-01 0 1.661369E-01 )
( 4.933681E-01 0 0 3.289121E-01 0 1.644560E-01 )
( 4.883556E-01 0 0 3.255704E-01 0 1.627852E-01 )
( 4.833735E-01 0 0 3.222490E-01 0 1.611245E-01 )
( 4.784219E-01 0 0 3.189480E-01 0 1.594740E-01 )
( 4.735013E-01 0 0 3.156675E-01 0 1.578338E-01 )
( 4.686118E-01 0 0 3.124079E-01 0 1.562039E-01 )
( 4.637537E-01 0 0 3.091691E-01 0 1.545846E-01 )
( 4.589272E-01 0 0 3.059514E-01 0 1.529757E-01 )
( 4.541324E-01 0 0 3.027550E-01 0 1.513775E-01 )
( 4.493697E-01 0 0 2.995798E-01 0 1.497899E-01 )
( 4.446392E-01 0 0 2.964261E-01 0 1.482131E-01 )
( 4.399410E-01 0 0 2.932940E-01 0 1.466470E-01 )
( 4.352753E-01 0 0 2.901835E-01 0 1.450918E-01 )
( 4.306423E-01 0 0 2.870948E-01 0 1.435474E-01 )
( 4.260420E-01 0 0 2.840280E-01 0 1.420140E-01 )
( 4.214747E-01 0 0 2.809831E-01 0 1.404916E-01 )
( 4.169404E-01 0 0 2.779603E-01 0 1.389801E-01 )
( 4.124393E-01 0 0 2.749595E-01 0 1.374798E-01 )
( 4.079714E-01 0 0 2.719809E-01 0 1.359905E-01 )
( 4.035368E-01 0 0 2.690245E-01 0 1.345123E-01 )
( 3.991356E-01 0 0 2.660904E-01 0 1.330452E-01 )
( 3.947678E-01 0 0 2.631786E-01 0 1.315893E-01 )
( 3.904336E-01 0 0 2.602891E-01 0 1.301445E-01 )
( 3.861329E-01 0 0 2.574220E-01 0 1.287110E-01 )
( 3.818658E-01 0 0 2.545772E-01 0 1.272886E-01 )
( 3.776324E-01 0 0 2.517549E-01 0 1.258775E-01 )
( 3.734326E-01 0 0 2.489550E-01 0 1.244775E-01 )
( 3.692664E-01 0 0 2.461776E-01 0 1.230888E-01 )
( 3.651339E-01 0 0 2.434226E-01 0 1.217113E-01 )
( 3.610351E-01 0 0 2.406901E-01 0 1.203450E-01 )
( 3.569699E-01 0 0 2.379799E-01 0 1.189900E-01 )
( 3.529383E-01 0 0 2.352922E-01 0 1.176461E-01 )
( 3.489404E-01 0 0 2.326269E-01 0 1.163135E-01 )
( 3.449760E-01 0 0 2.299840E-01 0 1.149920E-01 )
( 3.410452E-01 0 0 2.273634E-01 0 1.136817E-01 )
( 3.371478E-01 0 0 2.247652E-01 0 1.123826E-01 )
( 3.332839E-01 0 0 2.221893E-01 0 1.110946E-01 )
( 3.294534E-01 0 0 2.196356E-01 0 1.098178E-01 )
( 3.256562E-01 0 0 2.171041E-01 0 1.085521E-01 )
( 3.218922E-01 0 0 2.145948E-01 0 1.072974E-01 )
( 3.181615E-01 0 0 2.121076E-01 0 1.060538E-01 )
( 3.144638E-01 0 0 2.096425E-01 0 1.048213E-01 )
( 3.107991E-01 0 0 2.071994E-01 0 1.035997E-01 )
( 3.071674E-01 0 0 2.047783E-01 0 1.023891E-01 )
( 3.035685E-01 0 0 2.023790E-01 0 1.011895E-01 )
( 3.000023E-01 0 0 2.000015E-01 0 1.000008E-01 )
( 2.964687E-01 0 0 1.976458E-01 0 9.882290E-02 )
( 2.929677E-01 0 0 1.953118E-01 0 9.765588E-02 )
( 2.894990E-01 0 0 1.929993E-01 0 9.649966E-02 )
( 2.860626E-01 0 0 1.907084E-01 0 9.535421E-02 )
( 2.826584E-01 0 0 1.884389E-01 0 9.421947E-02 )
( 2.792862E-01 0 0 1.861908E-01 0 9.309540E-02 )
( 2.759459E-01 0 0 1.839640E-01 0 9.198198E-02 )
( 2.726374E-01 0 0 1.817583E-01 0 9.087914E-02 )
( 2.693605E-01 0 0 1.795737E-01 0 8.978685E-02 )
( 2.661152E-01 0 0 1.774101E-01 0 8.870505E-02 )
( 2.629011E-01 0 0 1.752674E-01 0 8.763371E-02 )
( 2.597183E-01 0 0 1.731455E-01 0 8.657277E-02 )
( 2.565665E-01 0 0 1.710444E-01 0 8.552218E-02 )
( 2.534457E-01 0 0 1.689638E-01 0 8.448189E-02 )
( 2.503555E-01 0 0 1.669037E-01 0 8.345184E-02 )
( 2.472960E-01 0 0 1.648640E-01 0 8.243200E-02 )
( 2.442669E-01 0 0 1.628446E-01 0 8.142229E-02 )
( 2.412680E-01 0 0 1.608454E-01 0 8.042268E-02 )
( 2.382993E-01 0 0 1.588662E-01 0 7.943310E-02 )
( 2.353605E-01 0 0 1.569070E-01 0 7.845349E-02 )
( 2.324514E-01 0 0 1.549676E-01 0 7.748381E-02 )
( 2.295720E-01 0 0 1.530480E-01 0 7.652399E-02 )
( 2.267219E-01 0 0 1.511479E-01 0 7.557397E-02 )
( 2.239011E-01 0 0 1.492674E-01 0 7.463370E-02 )
( 2.211094E-01 0 0 1.474062E-01 0 7.370312E-02 )
( 2.183465E-01 0 0 1.455643E-01 0 7.278216E-02 )
( 2.156123E-01 0 0 1.437415E-01 0 7.187077E-02 )
( 2.129067E-01 0 0 1.419378E-01 0 7.096889E-02 )
( 2.102294E-01 0 0 1.401529E-01 0 7.007646E-02 )
( 2.075802E-01 0 0 1.383868E-01 0 6.919340E-02 )
( 2.049590E-01 0 0 1.366393E-01 0 6.831967E-02 )
( 2.023656E-01 0 0 1.349104E-01 0 6.745520E-02 )
( 1.997998E-01 0 0 1.331998E-01 0 6.659992E-02 )
( 1.972613E-01 0 0 1.315075E-01 0 6.575377E-02 )
( 1.947501E-01 0 0 1.298334E-01 0 6.491669E-02 )
( 1.922659E-01 0 0 1.281772E-01 0 6.408862E-02 )
( 1.898085E-01 0 0 1.265390E-01 0 6.326948E-02 )
( 1.873777E-01 0 0 1.249185E-01 0 6.245923E-02 )
( 1.849733E-01 0 0 1.233156E-01 0 6.165778E-02 )
( 1.825952E-01 0 0 1.217302E-01 0 6.086508E-02 )
( 1.802432E-01 0 0 1.201621E-01 0 6.008106E-02 )
( 1.779170E-01 0 0 1.186113E-01 0 5.930565E-02 )
( 1.756164E-01 0 0 1.170776E-01 0 5.853879E-02 )
( 1.733413E-01 0 0 1.155608E-01 0 5.778042E-02 )
( 1.710914E-01 0 0 1.140609E-01 0 5.703047E-02 )
( 1.688666E-01 0 0 1.125777E-01 0 5.628887E-02 )
( 1.666667E-01 0 0 1.111111E-01 0 5.555556E-02 )
( 1.644914E-01 0 0 1.096609E-01 0 5.483046E-02 )
( 1.623406E-01 0 0 1.082270E-01 0 5.411352E-02 )
( 1.602140E-01 0 0 1.068093E-01 0 5.340467E-02 )
( 1.581115E-01 0 0 1.054077E-01 0 5.270385E-02 )
( 1.560329E-01 0 0 1.040220E-01 0 5.201098E-02 )
( 1.539780E-01 0 0 1.026520E-01 0 5.132599E-02 )
( 1.519465E-01 0 0 1.012977E-01 0 5.064884E-02 )
( 1.499383E-01 0 0 9.995888E-02 0 4.997944E-02 )
( 1.479532E-01 0 0 9.863547E-02 0 4.931773E-02 )
( 1.459910E-01 0 0 9.732731E-02 0 4.866366E-02 )
( 1.440514E-01 0 0 9.603427E-02 0 4.801714E-02 )
( 1.421343E-01 0 0 9.475623E-02 0 4.737811E-02 )
( 1.402396E-01 0 0 9.349304E-02 0 4.674652E-02 )
( 1.383669E-01 0 0 9.224458E-02 0 4.612229E-02 )
( 1.365161E-01 0 0 9.101072E-02 0 4.550536E-02 )
( 1.346870E-01 0 0 8.979132E-02 0 4.489566E-02 )
( 1.328794E-01 0 0 8.858627E-02 0 4.429313E-02 )
( 1.310931E-01 0 0 8.739542E-02 0 4.369771E-02 )
( 1.293280E-01 0 0 8.621864E-02 0 4.310932E-02 )
( 1.275837E-01 0 0 8.505582E-02 0 4.252791E-02 )
( 1.258602E-01 0 0 8.390682E-02 0 4.195341E-02 )
( 1.241573E-01 0 0 8.277151E-02 0 4.138576E-02 )
( 1.224747E-01 0 0 8.164977E-02 0 4.082489E-02 )
( 1.208122E-01 0 0 8.054147E-02 0 4.027073E-02 )
( 1.191697E-01 0 0 7.944647E-02 0 3.972324E-02 )
( 1.175470E-01 0 0 7.836467E-02 0 3.918233E-02 )
( 1.159439E-01 0 0 7.729592E-02 0 3.864796E-02 )
( 1.143602E-01 0 0 7.624010E-02 0 3.812005E-02 )
( 1.127956E-01 0 0 7.519710E-02 0 3.759855E-02 )
( 1.112502E-01 0 0 7.416678E-02 0 3.708339E-02 )
( 1.097235E-01 0 0 7.314902E-02 0 3.657451E-02 )
( 1.082155E-01 0 0 7.214370E-02 0 3.607185E-02 )
( 1.067260E-01 0 0 7.115070E-02 0 3.557535E-02 )
( 1.052548E-01 0 0 7.016989E-02 0 3.508494E-02 )
( 1.038017E-01 0 0 6.920115E-02 0 3.460058E-02 )
( 1.023666E-01 0 0 6.824437E-02 0 3.412218E-02 )
( 1.009491E-01 0 0 6.729942E-02 0 3.364971E-02 )
( 9.954927E-02 0 0 6.636618E-02 0 3.318309E-02 )
( 9.816681E-02 0 0 6.544454E-02 0 3.272227E-02 )
( 9.680156E-02 0 0 6.453437E-02 0 3.226719E-02 )
( 9.545335E-02 0 0 6.363557E-02 0 3.181778E-02 )
( 9.412200E-02 0 0 6.274800E-02 0 3.137400E-02 )
( 9.280735E-02 0 0 6.187157E-02 0 3.093578E-02 )
( 9.150921E-02 0 0 6.100614E-02 0 3.050307E-02 )
( 9.022742E-02 0 0 6.015161E-02 0 3.007581E-02 )
( 8.896180E-02 0 0 5.930787E-02 0 2.965393E-02 )
( 8.771219E-02 0 0 5.847479E-02 0 2.923740E-02 )
( 8.647841E-02 0 0 5.765227E-02 0 2.882614E-02 )
( 8.526030E-02 0 0 5.684020E-02 0 2.842010E-02 )
( 8.405770E-02 0 0 5.603847E-02 0 2.801923E-02 )
( 8.287043E-02 0 0 5.524695E-02 0 2.762348E-02 )
( 8.169833E-02 0 0 5.446556E-02 0 2.723278E-02 )
( 8.054125E-02 0 0 5.369416E-02 0 2.684708E-02 )
( 7.939901E-02 0 0 5.293267E-02 0 2.646634E-02 )
( 7.827146E-02 0 0 5.218097E-02 0 2.609049E-02 )
( 7.715843E-02 0 0 5.143896E-02 0 2.571948E-02 )
( 7.605978E-02 0 0 5.070652E-02 0 2.535326E-02 )
( 7.497533E-02 0 0 4.998356E-02 0 2.499178E-02 )
( 7.390495E-02 0 0 4.926996E-02 0 2.463498E-02 )
( 7.284846E-02 0 0 4.856564E-02 0 2.428282E-02 )
( 7.180572E-02 0 0 4.787048E-02 0 2.393524E-02 )
( 7.077657E-02 0 0 4.718438E-02 0 2.359219E-02 )
( 6.976086E-02 0 0 4.650724E-02 0 2.325362E-02 )
( 6.875845E-02 0 0 4.583896E-02 0 2.291948E-02 )
( 6.776918E-02 0 0 4.517945E-02 0 2.258973E-02 )
( 6.679290E-02 0 0 4.452860E-02 0 2.226430E-02 )
( 6.582947E-02 0 0 4.388631E-02 0 2.194316E-02 )
( 6.487874E-02 0 0 4.325250E-02 0 2.162625E-02 )
( 6.394057E-02 0 0 4.262705E-02 0 2.131352E-02 )
( 6.301482E-02 0 0 4.200988E-02 0 2.100494E-02 )
( 6.210134E-02 0 0 4.140089E-02 0 2.070045E-02 )
( 6.119999E-02 0 0 4.079999E-02 0 2.040000E-02 )
( 6.031063E-02 0 0 4.020709E-02 0 2.010354E-02 )
( 5.943313E-02 0 0 3.962208E-02 0 1.981104E-02 )
( 5.856734E-02 0 0 3.904489E-02 0 1.952245E-02 )
( 5.771313E-02 0 0 3.847542E-02 0 1.923771E-02 )
( 5.687036E-02 0 0 3.791358E-02 0 1.895679E-02 )
( 5.603891E-02 0 0 3.735927E-02 0 1.867964E-02 )
( 5.521864E-02 0 0 3.681242E-02 0 1.840621E-02 )
( 5.440941E-02 0 0 3.627294E-02 0 1.813647E-02 )
( 5.361110E-02 0 0 3.574073E-02 0 1.787037E-02 )
( 5.282358E-02 0 0 3.521572E-02 0 1.760786E-02 )
( 5.204671E-02 0 0 3.469781E-02 0 1.734890E-02 )
( 5.128038E-02 0 0 3.418692E-02 0 1.709346E-02 )
( 5.052446E-02 0 0 3.368297E-02 0 1.684149E-02 )
( 4.977882E-02 0 0 3.318588E-02 0 1.659294E-02 )
( 4.904334E-02 0 0 3.269556E-02 0 1.634778E-02 )
( 4.831790E-02 0 0 3.221193E-02 0 1.610597E-02 )
( 4.760237E-02 0 0 3.173492E-02 0 1.586746E-02 )
( 4.689665E-02 0 0 3.126443E-02 0 1.563222E-02 )
( 4.620059E-02 0 0 3.080040E-02 0 1.540020E-02 )
( 4.551410E-02 0 0 3.034274E-02 0 1.517137E-02 )
( 4.483706E-02 0 0 2.989137E-02 0 1.494569E-02 )
( 4.416934E-02 0 0 2.944622E-02 0 1.472311E-02 )
( 4.351083E-02 0 0 2.900722E-02 0 1.450361E-02 )
( 4.286143E-02 0 0 2.857429E-02 0 1.428714E-02 )
( 4.222102E-02 0 0 2.814734E-02 0 1.407367E-02 )
( 4.158948E-02 0 0 2.772632E-02 0 1.386316E-02 )
( 4.096671E-02 0 0 2.731114E-02 0 1.365557E-02 )
( 4.035261E-02 0 0 2.690174E-02 0 1.345087E-02 )
( 3.974705E-02 0 0 2.649804E-02 0 1.324902E-02 )
( 3.914995E-02 0 0 2.609996E-02 0 1.304998E-02 )
( 3.856118E-02 0 0 2.570745E-02 0 1.285373E-02 )
( 3.798065E-02 0 0 2.532043E-02 0 1.266022E-02 )
( 3.740825E-02 0 0 2.493883E-02 0 1.246942E-02 )
( 3.684388E-02 0 0 2.456259E-02 0 1.228129E-02 )
( 3.628744E-02 0 0 2.419163E-02 0 1.209581E-02 )
( 3.573883E-02 0 0 2.382589E-02 0 1.191294E-02 )
( 3.519795E-02 0 0 2.346530E-02 0 1.173265E-02 )
( 3.466471E-02 0 0 2.310980E-02 0 1.155490E-02 )
( 3.413899E-02 0 0 2.275933E-02 0 1.137966E-02 )
( 3.362072E-02 0 0 2.241381E-02 0 1.120691E-02 )
( 3.310979E-02 0 0 2.207320E-02 0 1.103660E-02 )
( 3.260612E-02 0 0 2.173741E-02 0 1.086871E-02 )
( 3.210960E-02 0 0 2.140640E-02 0 1.070320E-02 )
( 3.162014E-02 0 0 2.108009E-02 0 1.054005E-02 )
( 3.113766E-02 0 0 2.075844E-02 0 1.037922E-02 )
( 3.066206E-02 0 0 2.044138E-02 0 1.022069E-02 )
( 3.019326E-02 0 0 2.012884E-02 0 1.006442E-02 )
( 2.973117E-02 0 0 1.982078E-02 0 9.910390E-03 )
( 2.927570E-02 0 0 1.951713E-02 0 9.758565E-03 )
( 2.882676E-02 0 0 1.921784E-02 0 9.608919E-03 )
( 2.838427E-02 0 0 1.892284E-02 0 9.461422E-03 )
( 2.794814E-02 0 0 1.863209E-02 0 9.316047E-03 )
( 2.751830E-02 0 0 1.834553E-02 0 9.172766E-03 )
( 2.709465E-02 0 0 1.806310E-02 0 9.031551E-03 )
( 2.667713E-02 0 0 1.778475E-02 0 8.892376E-03 )
( 2.626564E-02 0 0 1.751043E-02 0 8.755213E-03 )
( 2.586011E-02 0 0 1.724007E-02 0 8.620036E-03 )
( 2.546045E-02 0 0 1.697364E-02 0 8.486818E-03 )
( 2.506660E-02 0 0 1.671107E-02 0 8.355534E-03 )
( 2.467847E-02 0 0 1.645232E-02 0 8.226158E-03 )
( 2.429599E-02 0 0 1.619733E-02 0 8.098665E-03 )
( 2.391909E-02 0 0 1.594606E-02 0 7.973029E-03 )
( 2.354768E-02 0 0 1.569845E-02 0 7.849226E-03 )
( 2.318170E-02 0 0 1.545446E-02 0 7.727232E-03 )
( 2.282107E-02 0 0 1.521404E-02 0 7.607022E-03 )
( 2.246571E-02 0 0 1.497714E-02 0 7.488572E-03 )
( 2.211557E-02 0 0 1.474372E-02 0 7.371858E-03 )
( 2.177057E-02 0 0 1.451372E-02 0 7.256858E-03 )
( 2.143064E-02 0 0 1.428710E-02 0 7.143548E-03 )
( 2.109571E-02 0 0 1.406381E-02 0 7.031905E-03 )
( 2.076572E-02 0 0 1.384381E-02 0 6.921907E-03 )
( 2.044059E-02 0 0 1.362706E-02 0 6.813531E-03 )
( 2.012027E-02 0 0 1.341351E-02 0 6.706755E-03 )
( 1.980468E-02 0 0 1.320312E-02 0 6.601559E-03 )
( 1.949376E-02 0 0 1.299584E-02 0 6.497919E-03 )
( 1.918745E-02 0 0 1.279163E-02 0 6.395816E-03 )
( 1.888568E-02 0 0 1.259045E-02 0 6.295227E-03 )
( 1.858840E-02 0 0 1.239226E-02 0 6.196132E-03 )
( 1.829553E-02 0 0 1.219702E-02 0 6.098511E-03 )
( 1.800703E-02 0 0 1.200469E-02 0 6.002344E-03 )
( 1.772283E-02 0 0 1.181522E-02 0 5.907609E-03 )
( 1.744287E-02 0 0 1.162858E-02 0 5.814289E-03 )
( 1.716709E-02 0 0 1.144473E-02 0 5.722363E-03 )
( 1.689543E-02 0 0 1.126362E-02 0 5.631811E-03 )
( 1.662785E-02 0 0 1.108523E-02 0 5.542616E-03 )
( 1.636427E-02 0 0 1.090951E-02 0 5.454757E-03 )
( 1.610465E-02 0 0 1.073643E-02 0 5.368217E-03 )
( 1.584893E-02 0 0 1.056595E-02 0 5.282977E-03 )
)
