(
0.000000E+00
7.778640E+00
8.052953E+00
8.217878E+00
8.336940E+00
8.430477E+00
8.507681E+00
8.573508E+00
8.630941E+00
8.681920E+00
8.727777E+00
8.769469E+00
8.807704E+00
8.843024E+00
8.875852E+00
8.906523E+00
8.935311E+00
8.962437E+00
8.988087E+00
9.012418E+00
9.035562E+00
9.057631E+00
9.078723E+00
9.098924E+00
9.118307E+00
9.136937E+00
9.154873E+00
9.172165E+00
9.188858E+00
9.204995E+00
9.220611E+00
9.235741E+00
9.250414E+00
9.264657E+00
9.278496E+00
9.291954E+00
9.305051E+00
9.317808E+00
9.330240E+00
9.342366E+00
9.354200E+00
9.365756E+00
9.377048E+00
9.388086E+00
9.398884E+00
9.409451E+00
9.419797E+00
9.429932E+00
9.439863E+00
9.449601E+00
9.459151E+00
9.468521E+00
9.477719E+00
9.486750E+00
9.495620E+00
9.504336E+00
9.512903E+00
9.521325E+00
9.529608E+00
9.537757E+00
9.545775E+00
9.553668E+00
9.561439E+00
9.569091E+00
9.576629E+00
9.584055E+00
9.591374E+00
9.598589E+00
9.605702E+00
9.612716E+00
9.619634E+00
9.626459E+00
9.633193E+00
9.639839E+00
9.646399E+00
9.652876E+00
9.659271E+00
9.665586E+00
9.671824E+00
9.677986E+00
9.684075E+00
9.690092E+00
9.696039E+00
9.701917E+00
9.707728E+00
9.713474E+00
9.719156E+00
9.724776E+00
9.730335E+00
9.735834E+00
9.741274E+00
9.746658E+00
9.751985E+00
9.757258E+00
9.762477E+00
9.767644E+00
9.772760E+00
9.777825E+00
9.782840E+00
9.787807E+00
9.792727E+00
9.797600E+00
9.802428E+00
9.807211E+00
9.811950E+00
9.816646E+00
9.821299E+00
9.825911E+00
9.830483E+00
9.835014E+00
9.839506E+00
9.843959E+00
9.848374E+00
9.852753E+00
9.857094E+00
9.861399E+00
9.865669E+00
9.869904E+00
9.874105E+00
9.878272E+00
9.882406E+00
9.886508E+00
9.890577E+00
9.894615E+00
9.898622E+00
9.902598E+00
9.906544E+00
9.910461E+00
9.914348E+00
9.918206E+00
9.922036E+00
9.925839E+00
9.929614E+00
9.933361E+00
9.937082E+00
9.940777E+00
9.944446E+00
9.948089E+00
9.951708E+00
9.955301E+00
9.958870E+00
9.962415E+00
9.965935E+00
9.969433E+00
9.972907E+00
9.976359E+00
9.979788E+00
9.983194E+00
9.986579E+00
9.989942E+00
9.993284E+00
9.996604E+00
9.999904E+00
1.000318E+01
1.000644E+01
1.000968E+01
1.001290E+01
1.001610E+01
1.001928E+01
1.002244E+01
1.002558E+01
1.002871E+01
1.003181E+01
1.003490E+01
1.003797E+01
1.004102E+01
1.004405E+01
1.004707E+01
1.005007E+01
1.005305E+01
1.005602E+01
1.005897E+01
1.006190E+01
1.006482E+01
1.006772E+01
1.007060E+01
1.007347E+01
1.007633E+01
1.007917E+01
1.008199E+01
1.008480E+01
1.008759E+01
1.009037E+01
1.009314E+01
1.009589E+01
1.009862E+01
1.010135E+01
1.010406E+01
1.010675E+01
1.010943E+01
1.011210E+01
1.011475E+01
1.011740E+01
1.012002E+01
1.012264E+01
1.012524E+01
1.012783E+01
1.013041E+01
1.013297E+01
1.013553E+01
1.013807E+01
1.014060E+01
1.014311E+01
1.014562E+01
1.014811E+01
1.015059E+01
1.015306E+01
1.015552E+01
1.015797E+01
1.016040E+01
1.016283E+01
1.016524E+01
1.016765E+01
1.017004E+01
1.017242E+01
1.017479E+01
1.017715E+01
1.017950E+01
1.018184E+01
1.018418E+01
1.018650E+01
1.018881E+01
1.019111E+01
1.019340E+01
1.019568E+01
1.019795E+01
1.020021E+01
1.020246E+01
1.020470E+01
1.020694E+01
1.020916E+01
1.021138E+01
1.021358E+01
1.021578E+01
1.021797E+01
1.022014E+01
1.022231E+01
1.022448E+01
1.022663E+01
1.022877E+01
1.023091E+01
1.023304E+01
1.023515E+01
1.023727E+01
1.023937E+01
1.024146E+01
1.024355E+01
1.024563E+01
1.024770E+01
1.024976E+01
1.025181E+01
1.025386E+01
1.025590E+01
1.025793E+01
1.025995E+01
1.026197E+01
1.026398E+01
1.026598E+01
1.026797E+01
1.026996E+01
1.027194E+01
1.027391E+01
1.027587E+01
1.027783E+01
1.027978E+01
1.028172E+01
1.028366E+01
1.028559E+01
1.028751E+01
1.028943E+01
1.029134E+01
1.029324E+01
1.029514E+01
1.029703E+01
1.029891E+01
1.030078E+01
1.030265E+01
1.030452E+01
1.030637E+01
1.030822E+01
1.031007E+01
1.031191E+01
1.031374E+01
1.031556E+01
1.031738E+01
1.031920E+01
1.032100E+01
1.032281E+01
1.032460E+01
1.032639E+01
1.032817E+01
1.032995E+01
1.033172E+01
1.033349E+01
1.033525E+01
1.033701E+01
1.033875E+01
1.034050E+01
1.034224E+01
1.034397E+01
1.034570E+01
1.034742E+01
1.034913E+01
1.035084E+01
1.035255E+01
1.035425E+01
1.035594E+01
1.035763E+01
1.035932E+01
1.036100E+01
1.036267E+01
1.036434E+01
1.036600E+01
1.036766E+01
1.036932E+01
1.037097E+01
1.037261E+01
1.037425E+01
1.037588E+01
1.037751E+01
1.037913E+01
1.038075E+01
1.038237E+01
1.038398E+01
1.038558E+01
1.038718E+01
1.038878E+01
1.039037E+01
1.039196E+01
1.039354E+01
1.039512E+01
1.039669E+01
1.039826E+01
1.039982E+01
1.040138E+01
1.040294E+01
1.040449E+01
1.040603E+01
1.040757E+01
1.040911E+01
1.041064E+01
1.041217E+01
1.041370E+01
1.041522E+01
1.041673E+01
1.041825E+01
1.041975E+01
1.042126E+01
1.042276E+01
1.042425E+01
1.042574E+01
1.042723E+01
1.042871E+01
1.043019E+01
1.043167E+01
1.043314E+01
1.043461E+01
1.043607E+01
1.043753E+01
1.043899E+01
1.044044E+01
1.044189E+01
1.044333E+01
1.044477E+01
1.044621E+01
1.044764E+01
1.044907E+01
1.045050E+01
1.045192E+01
1.045334E+01
1.045475E+01
1.045616E+01
1.045757E+01
1.045897E+01
1.046037E+01
1.046177E+01
1.046316E+01
1.046455E+01
1.046594E+01
1.046732E+01
1.046870E+01
1.047008E+01
1.047145E+01
1.047282E+01
1.047418E+01
1.047555E+01
1.047691E+01
1.047826E+01
1.047961E+01
1.048096E+01
1.048231E+01
1.048365E+01
1.048499E+01
1.048632E+01
1.048766E+01
1.048899E+01
1.049031E+01
1.049164E+01
1.049295E+01
1.049427E+01
1.049559E+01
0.000000E+00
7.778640E+00
8.052953E+00
8.217878E+00
8.336940E+00
8.430477E+00
8.507681E+00
8.573508E+00
8.630941E+00
8.681920E+00
8.727777E+00
8.769469E+00
8.807704E+00
8.843024E+00
8.875852E+00
8.906523E+00
8.935311E+00
8.962437E+00
8.988087E+00
9.012418E+00
9.035562E+00
9.057631E+00
9.078723E+00
9.098924E+00
9.118307E+00
9.136937E+00
9.154873E+00
9.172165E+00
9.188858E+00
9.204995E+00
9.220611E+00
9.235741E+00
9.250414E+00
9.264657E+00
9.278496E+00
9.291954E+00
9.305051E+00
9.317808E+00
9.330240E+00
9.342366E+00
9.354200E+00
9.365756E+00
9.377048E+00
9.388086E+00
9.398884E+00
9.409451E+00
9.419797E+00
9.429932E+00
9.439863E+00
9.449601E+00
9.459151E+00
9.468521E+00
9.477719E+00
9.486750E+00
9.495620E+00
9.504336E+00
9.512903E+00
9.521325E+00
9.529608E+00
9.537757E+00
9.545775E+00
9.553668E+00
9.561439E+00
9.569091E+00
9.576629E+00
9.584055E+00
9.591374E+00
9.598589E+00
9.605702E+00
9.612716E+00
9.619634E+00
9.626459E+00
9.633193E+00
9.639839E+00
9.646399E+00
9.652876E+00
9.659271E+00
9.665586E+00
9.671824E+00
9.677986E+00
9.684075E+00
9.690092E+00
9.696039E+00
9.701917E+00
9.707728E+00
9.713474E+00
9.719156E+00
9.724776E+00
9.730335E+00
9.735834E+00
9.741274E+00
9.746658E+00
9.751985E+00
9.757258E+00
9.762477E+00
9.767644E+00
9.772760E+00
9.777825E+00
9.782840E+00
9.787807E+00
9.792727E+00
9.797600E+00
9.802428E+00
9.807211E+00
9.811950E+00
9.816646E+00
9.821299E+00
9.825911E+00
9.830483E+00
9.835014E+00
9.839506E+00
9.843959E+00
9.848374E+00
9.852753E+00
9.857094E+00
9.861399E+00
9.865669E+00
9.869904E+00
9.874105E+00
9.878272E+00
9.882406E+00
9.886508E+00
9.890577E+00
9.894615E+00
9.898622E+00
9.902598E+00
9.906544E+00
9.910461E+00
9.914348E+00
9.918206E+00
9.922036E+00
9.925839E+00
9.929614E+00
9.933361E+00
9.937082E+00
9.940777E+00
9.944446E+00
9.948089E+00
9.951708E+00
9.955301E+00
9.958870E+00
9.962415E+00
9.965935E+00
9.969433E+00
9.972907E+00
9.976359E+00
9.979788E+00
9.983194E+00
9.986579E+00
9.989942E+00
9.993284E+00
9.996604E+00
9.999904E+00
1.000318E+01
1.000644E+01
1.000968E+01
1.001290E+01
1.001610E+01
1.001928E+01
1.002244E+01
1.002558E+01
1.002871E+01
1.003181E+01
1.003490E+01
1.003797E+01
1.004102E+01
1.004405E+01
1.004707E+01
1.005007E+01
1.005305E+01
1.005602E+01
1.005897E+01
1.006190E+01
1.006482E+01
1.006772E+01
1.007060E+01
1.007347E+01
1.007633E+01
1.007917E+01
1.008199E+01
1.008480E+01
1.008759E+01
1.009037E+01
1.009314E+01
1.009589E+01
1.009862E+01
1.010135E+01
1.010406E+01
1.010675E+01
1.010943E+01
1.011210E+01
1.011475E+01
1.011740E+01
1.012002E+01
1.012264E+01
1.012524E+01
1.012783E+01
1.013041E+01
1.013297E+01
1.013553E+01
1.013807E+01
1.014060E+01
1.014311E+01
1.014562E+01
1.014811E+01
1.015059E+01
1.015306E+01
1.015552E+01
1.015797E+01
1.016040E+01
1.016283E+01
1.016524E+01
1.016765E+01
1.017004E+01
1.017242E+01
1.017479E+01
1.017715E+01
1.017950E+01
1.018184E+01
1.018418E+01
1.018650E+01
1.018881E+01
1.019111E+01
1.019340E+01
1.019568E+01
1.019795E+01
1.020021E+01
1.020246E+01
1.020470E+01
1.020694E+01
1.020916E+01
1.021138E+01
1.021358E+01
1.021578E+01
1.021797E+01
1.022014E+01
1.022231E+01
1.022448E+01
1.022663E+01
1.022877E+01
1.023091E+01
1.023304E+01
1.023515E+01
1.023727E+01
1.023937E+01
1.024146E+01
1.024355E+01
1.024563E+01
1.024770E+01
1.024976E+01
1.025181E+01
1.025386E+01
1.025590E+01
1.025793E+01
1.025995E+01
1.026197E+01
1.026398E+01
1.026598E+01
1.026797E+01
1.026996E+01
1.027194E+01
1.027391E+01
1.027587E+01
1.027783E+01
1.027978E+01
1.028172E+01
1.028366E+01
1.028559E+01
1.028751E+01
1.028943E+01
1.029134E+01
1.029324E+01
1.029514E+01
1.029703E+01
1.029891E+01
1.030078E+01
1.030265E+01
1.030452E+01
1.030637E+01
1.030822E+01
1.031007E+01
1.031191E+01
1.031374E+01
1.031556E+01
1.031738E+01
1.031920E+01
1.032100E+01
1.032281E+01
1.032460E+01
1.032639E+01
1.032817E+01
1.032995E+01
1.033172E+01
1.033349E+01
1.033525E+01
1.033701E+01
1.033875E+01
1.034050E+01
1.034224E+01
1.034397E+01
1.034570E+01
1.034742E+01
1.034913E+01
1.035084E+01
1.035255E+01
1.035425E+01
1.035594E+01
1.035763E+01
1.035932E+01
1.036100E+01
1.036267E+01
1.036434E+01
1.036600E+01
1.036766E+01
1.036932E+01
1.037097E+01
1.037261E+01
1.037425E+01
1.037588E+01
1.037751E+01
1.037913E+01
1.038075E+01
1.038237E+01
1.038398E+01
1.038558E+01
1.038718E+01
1.038878E+01
1.039037E+01
1.039196E+01
1.039354E+01
1.039512E+01
1.039669E+01
1.039826E+01
1.039982E+01
1.040138E+01
1.040294E+01
1.040449E+01
1.040603E+01
1.040757E+01
1.040911E+01
1.041064E+01
1.041217E+01
1.041370E+01
1.041522E+01
1.041673E+01
1.041825E+01
1.041975E+01
1.042126E+01
1.042276E+01
1.042425E+01
1.042574E+01
1.042723E+01
1.042871E+01
1.043019E+01
1.043167E+01
1.043314E+01
1.043461E+01
1.043607E+01
1.043753E+01
1.043899E+01
1.044044E+01
1.044189E+01
1.044333E+01
1.044477E+01
1.044621E+01
1.044764E+01
1.044907E+01
1.045050E+01
1.045192E+01
1.045334E+01
1.045475E+01
1.045616E+01
1.045757E+01
1.045897E+01
1.046037E+01
1.046177E+01
1.046316E+01
1.046455E+01
1.046594E+01
1.046732E+01
1.046870E+01
1.047008E+01
1.047145E+01
1.047282E+01
1.047418E+01
1.047555E+01
1.047691E+01
1.047826E+01
1.047961E+01
1.048096E+01
1.048231E+01
1.048365E+01
1.048499E+01
1.048632E+01
1.048766E+01
1.048899E+01
1.049031E+01
1.049164E+01
1.049295E+01
1.049427E+01
1.049559E+01
)
