(
4.237816E-01
4.073113E-01
3.972325E-01
3.901800E-01
3.847308E-01
3.832064E-01
3.863862E-01
3.906630E-01
3.934989E-01
3.923360E-01
3.889558E-01
3.858982E-01
3.845482E-01
3.847584E-01
3.933940E-01
4.002667E-01
4.018677E-01
4.087217E-01
4.169321E-01
4.304486E-01
4.349665E-01
4.338932E-01
4.197822E-01
3.968405E-01
3.731357E-01
3.731357E-01
3.968405E-01
4.197822E-01
4.338932E-01
4.349665E-01
4.304486E-01
4.169321E-01
4.087217E-01
4.018677E-01
4.002667E-01
3.933940E-01
3.847584E-01
3.845482E-01
3.858982E-01
3.889558E-01
3.923360E-01
3.934989E-01
3.906630E-01
3.863862E-01
3.832064E-01
3.847308E-01
3.901800E-01
3.972325E-01
4.073113E-01
4.237816E-01
4.237816E-01
4.073113E-01
3.972325E-01
3.901800E-01
3.847308E-01
3.832064E-01
3.863862E-01
3.906630E-01
3.934989E-01
3.923360E-01
3.889558E-01
3.858982E-01
3.845482E-01
3.847584E-01
3.933940E-01
4.002667E-01
4.018677E-01
4.087217E-01
4.169321E-01
4.304486E-01
4.349665E-01
4.338932E-01
4.197822E-01
3.968405E-01
3.731357E-01
3.731357E-01
3.968405E-01
4.197822E-01
4.338932E-01
4.349665E-01
4.304486E-01
4.169321E-01
4.087217E-01
4.018677E-01
4.002667E-01
3.933940E-01
3.847584E-01
3.845482E-01
3.858982E-01
3.889558E-01
3.923360E-01
3.934989E-01
3.906630E-01
3.863862E-01
3.832064E-01
3.847308E-01
3.901800E-01
3.972325E-01
4.073113E-01
4.237816E-01
)
