(
(2.395672e-05 -1.661660e-07 0.000000e+00 3.907264e-08 0.000000e+00 6.974775e-06)
(1.970598e-04 -6.046030e-06 0.000000e+00 9.204292e-07 0.000000e+00 2.988875e-05)
(3.829966e-04 -1.915130e-05 0.000000e+00 3.777970e-06 0.000000e+00 5.145394e-05)
(4.466755e-04 -3.088780e-05 0.000000e+00 8.738350e-06 0.000000e+00 6.736388e-05)
(4.303467e-04 -3.839910e-05 0.000000e+00 1.509206e-05 0.000000e+00 7.709876e-05)
(3.867358e-04 -4.285470e-05 0.000000e+00 2.211811e-05 0.000000e+00 8.228177e-05)
(3.390202e-04 -4.526500e-05 0.000000e+00 2.905480e-05 0.000000e+00 8.432510e-05)
(2.955889e-04 -4.629180e-05 0.000000e+00 3.523265e-05 0.000000e+00 8.420522e-05)
(2.595224e-04 -4.635750e-05 0.000000e+00 4.019839e-05 0.000000e+00 8.285023e-05)
(2.303656e-04 -4.576530e-05 0.000000e+00 4.373150e-05 0.000000e+00 8.089509e-05)
(2.062986e-04 -4.471460e-05 0.000000e+00 4.586825e-05 0.000000e+00 7.831383e-05)
(1.862652e-04 -4.334930e-05 0.000000e+00 4.676303e-05 0.000000e+00 7.497534e-05)
(1.694163e-04 -4.175560e-05 0.000000e+00 4.673185e-05 0.000000e+00 7.117234e-05)
(1.548706e-04 -4.000850e-05 0.000000e+00 4.605604e-05 0.000000e+00 6.721950e-05)
(1.417766e-04 -3.800090e-05 0.000000e+00 4.472868e-05 0.000000e+00 6.357718e-05)
(1.295545e-04 -3.581410e-05 0.000000e+00 4.288652e-05 0.000000e+00 6.011521e-05)
(1.180026e-04 -3.348510e-05 0.000000e+00 4.057321e-05 0.000000e+00 5.652378e-05)
(1.069652e-04 -3.076340e-05 0.000000e+00 3.789769e-05 0.000000e+00 5.216638e-05)
(9.593909e-05 -2.799560e-05 0.000000e+00 3.489383e-05 0.000000e+00 4.663114e-05)
(8.479095e-05 -2.485150e-05 0.000000e+00 3.173407e-05 0.000000e+00 4.119291e-05)
(7.371064e-05 -2.140040e-05 0.000000e+00 2.824295e-05 0.000000e+00 3.578361e-05)
(6.224437e-05 -1.758330e-05 0.000000e+00 2.467665e-05 0.000000e+00 2.999786e-05)
(5.092478e-05 -1.309000e-05 0.000000e+00 2.126971e-05 0.000000e+00 2.484464e-05)
(4.049095e-05 -8.290560e-06 0.000000e+00 1.848295e-05 0.000000e+00 2.000397e-05)
(3.311197e-05 -2.798280e-06 0.000000e+00 1.663424e-05 0.000000e+00 1.673620e-05)
(3.311197e-05 -2.798280e-06 0.000000e+00 1.663424e-05 0.000000e+00 1.673620e-05)
(4.049095e-05 -8.290560e-06 0.000000e+00 1.848295e-05 0.000000e+00 2.000397e-05)
(5.092478e-05 -1.309000e-05 0.000000e+00 2.126971e-05 0.000000e+00 2.484464e-05)
(6.224437e-05 -1.758330e-05 0.000000e+00 2.467665e-05 0.000000e+00 2.999786e-05)
(7.371064e-05 -2.140040e-05 0.000000e+00 2.824295e-05 0.000000e+00 3.578361e-05)
(8.479095e-05 -2.485150e-05 0.000000e+00 3.173407e-05 0.000000e+00 4.119291e-05)
(9.593909e-05 -2.799560e-05 0.000000e+00 3.489383e-05 0.000000e+00 4.663114e-05)
(1.069652e-04 -3.076340e-05 0.000000e+00 3.789769e-05 0.000000e+00 5.216638e-05)
(1.180026e-04 -3.348510e-05 0.000000e+00 4.057321e-05 0.000000e+00 5.652378e-05)
(1.295545e-04 -3.581410e-05 0.000000e+00 4.288652e-05 0.000000e+00 6.011521e-05)
(1.417766e-04 -3.800090e-05 0.000000e+00 4.472868e-05 0.000000e+00 6.357718e-05)
(1.548706e-04 -4.000850e-05 0.000000e+00 4.605604e-05 0.000000e+00 6.721950e-05)
(1.694163e-04 -4.175560e-05 0.000000e+00 4.673185e-05 0.000000e+00 7.117234e-05)
(1.862652e-04 -4.334930e-05 0.000000e+00 4.676303e-05 0.000000e+00 7.497534e-05)
(2.062986e-04 -4.471460e-05 0.000000e+00 4.586825e-05 0.000000e+00 7.831383e-05)
(2.303656e-04 -4.576530e-05 0.000000e+00 4.373150e-05 0.000000e+00 8.089509e-05)
(2.595224e-04 -4.635750e-05 0.000000e+00 4.019839e-05 0.000000e+00 8.285023e-05)
(2.955889e-04 -4.629180e-05 0.000000e+00 3.523265e-05 0.000000e+00 8.420522e-05)
(3.390202e-04 -4.526500e-05 0.000000e+00 2.905480e-05 0.000000e+00 8.432510e-05)
(3.867358e-04 -4.285470e-05 0.000000e+00 2.211811e-05 0.000000e+00 8.228177e-05)
(4.303467e-04 -3.839910e-05 0.000000e+00 1.509206e-05 0.000000e+00 7.709876e-05)
(4.466755e-04 -3.088780e-05 0.000000e+00 8.738350e-06 0.000000e+00 6.736388e-05)
(3.829966e-04 -1.915130e-05 0.000000e+00 3.777970e-06 0.000000e+00 5.145394e-05)
(1.970598e-04 -6.046030e-06 0.000000e+00 9.204292e-07 0.000000e+00 2.988875e-05)
(2.395672e-05 -1.661660e-07 0.000000e+00 3.907264e-08 0.000000e+00 6.974775e-06)
(2.395672e-05 -1.661660e-07 0.000000e+00 3.907264e-08 0.000000e+00 6.974775e-06)
(1.970598e-04 -6.046030e-06 0.000000e+00 9.204292e-07 0.000000e+00 2.988875e-05)
(3.829966e-04 -1.915130e-05 0.000000e+00 3.777970e-06 0.000000e+00 5.145394e-05)
(4.466755e-04 -3.088780e-05 0.000000e+00 8.738350e-06 0.000000e+00 6.736388e-05)
(4.303467e-04 -3.839910e-05 0.000000e+00 1.509206e-05 0.000000e+00 7.709876e-05)
(3.867358e-04 -4.285470e-05 0.000000e+00 2.211811e-05 0.000000e+00 8.228177e-05)
(3.390202e-04 -4.526500e-05 0.000000e+00 2.905480e-05 0.000000e+00 8.432510e-05)
(2.955889e-04 -4.629180e-05 0.000000e+00 3.523265e-05 0.000000e+00 8.420522e-05)
(2.595224e-04 -4.635750e-05 0.000000e+00 4.019839e-05 0.000000e+00 8.285023e-05)
(2.303656e-04 -4.576530e-05 0.000000e+00 4.373150e-05 0.000000e+00 8.089509e-05)
(2.062986e-04 -4.471460e-05 0.000000e+00 4.586825e-05 0.000000e+00 7.831383e-05)
(1.862652e-04 -4.334930e-05 0.000000e+00 4.676303e-05 0.000000e+00 7.497534e-05)
(1.694163e-04 -4.175560e-05 0.000000e+00 4.673185e-05 0.000000e+00 7.117234e-05)
(1.548706e-04 -4.000850e-05 0.000000e+00 4.605604e-05 0.000000e+00 6.721950e-05)
(1.417766e-04 -3.800090e-05 0.000000e+00 4.472868e-05 0.000000e+00 6.357718e-05)
(1.295545e-04 -3.581410e-05 0.000000e+00 4.288652e-05 0.000000e+00 6.011521e-05)
(1.180026e-04 -3.348510e-05 0.000000e+00 4.057321e-05 0.000000e+00 5.652378e-05)
(1.069652e-04 -3.076340e-05 0.000000e+00 3.789769e-05 0.000000e+00 5.216638e-05)
(9.593909e-05 -2.799560e-05 0.000000e+00 3.489383e-05 0.000000e+00 4.663114e-05)
(8.479095e-05 -2.485150e-05 0.000000e+00 3.173407e-05 0.000000e+00 4.119291e-05)
(7.371064e-05 -2.140040e-05 0.000000e+00 2.824295e-05 0.000000e+00 3.578361e-05)
(6.224437e-05 -1.758330e-05 0.000000e+00 2.467665e-05 0.000000e+00 2.999786e-05)
(5.092478e-05 -1.309000e-05 0.000000e+00 2.126971e-05 0.000000e+00 2.484464e-05)
(4.049095e-05 -8.290560e-06 0.000000e+00 1.848295e-05 0.000000e+00 2.000397e-05)
(3.311197e-05 -2.798280e-06 0.000000e+00 1.663424e-05 0.000000e+00 1.673620e-05)
(3.311197e-05 -2.798280e-06 0.000000e+00 1.663424e-05 0.000000e+00 1.673620e-05)
(4.049095e-05 -8.290560e-06 0.000000e+00 1.848295e-05 0.000000e+00 2.000397e-05)
(5.092478e-05 -1.309000e-05 0.000000e+00 2.126971e-05 0.000000e+00 2.484464e-05)
(6.224437e-05 -1.758330e-05 0.000000e+00 2.467665e-05 0.000000e+00 2.999786e-05)
(7.371064e-05 -2.140040e-05 0.000000e+00 2.824295e-05 0.000000e+00 3.578361e-05)
(8.479095e-05 -2.485150e-05 0.000000e+00 3.173407e-05 0.000000e+00 4.119291e-05)
(9.593909e-05 -2.799560e-05 0.000000e+00 3.489383e-05 0.000000e+00 4.663114e-05)
(1.069652e-04 -3.076340e-05 0.000000e+00 3.789769e-05 0.000000e+00 5.216638e-05)
(1.180026e-04 -3.348510e-05 0.000000e+00 4.057321e-05 0.000000e+00 5.652378e-05)
(1.295545e-04 -3.581410e-05 0.000000e+00 4.288652e-05 0.000000e+00 6.011521e-05)
(1.417766e-04 -3.800090e-05 0.000000e+00 4.472868e-05 0.000000e+00 6.357718e-05)
(1.548706e-04 -4.000850e-05 0.000000e+00 4.605604e-05 0.000000e+00 6.721950e-05)
(1.694163e-04 -4.175560e-05 0.000000e+00 4.673185e-05 0.000000e+00 7.117234e-05)
(1.862652e-04 -4.334930e-05 0.000000e+00 4.676303e-05 0.000000e+00 7.497534e-05)
(2.062986e-04 -4.471460e-05 0.000000e+00 4.586825e-05 0.000000e+00 7.831383e-05)
(2.303656e-04 -4.576530e-05 0.000000e+00 4.373150e-05 0.000000e+00 8.089509e-05)
(2.595224e-04 -4.635750e-05 0.000000e+00 4.019839e-05 0.000000e+00 8.285023e-05)
(2.955889e-04 -4.629180e-05 0.000000e+00 3.523265e-05 0.000000e+00 8.420522e-05)
(3.390202e-04 -4.526500e-05 0.000000e+00 2.905480e-05 0.000000e+00 8.432510e-05)
(3.867358e-04 -4.285470e-05 0.000000e+00 2.211811e-05 0.000000e+00 8.228177e-05)
(4.303467e-04 -3.839910e-05 0.000000e+00 1.509206e-05 0.000000e+00 7.709876e-05)
(4.466755e-04 -3.088780e-05 0.000000e+00 8.738350e-06 0.000000e+00 6.736388e-05)
(3.829966e-04 -1.915130e-05 0.000000e+00 3.777970e-06 0.000000e+00 5.145394e-05)
(1.970598e-04 -6.046030e-06 0.000000e+00 9.204292e-07 0.000000e+00 2.988875e-05)
(2.395672e-05 -1.661660e-07 0.000000e+00 3.907264e-08 0.000000e+00 6.974775e-06)
)