(
(0.000000e+00 0.000000e+00 0.000000e+00)
(2.263703e-01 2.234850e-02 6.070825e-02)
(2.639927e-01 8.669143e-02 1.193928e-01)
(3.000712e-01 1.539048e-01 1.785104e-01)
(3.148867e-01 1.977099e-01 2.017279e-01)
(3.061383e-01 2.101412e-01 2.069169e-01)
(3.057697e-01 2.131298e-01 2.091887e-01)
(3.069926e-01 2.123815e-01 2.098718e-01)
(3.038347e-01 2.093466e-01 2.099960e-01)
(2.984119e-01 2.067865e-01 2.107064e-01)
(2.918534e-01 2.061453e-01 2.119902e-01)
(2.968103e-01 2.083467e-01 2.143632e-01)
(3.014965e-01 2.117353e-01 2.179822e-01)
(2.942706e-01 2.150682e-01 2.217842e-01)
(2.988794e-01 2.195329e-01 2.266676e-01)
(3.037328e-01 2.247046e-01 2.318089e-01)
(2.954734e-01 2.286879e-01 2.345827e-01)
(2.997979e-01 2.345655e-01 2.391664e-01)
(3.051314e-01 2.403958e-01 2.442460e-01)
(3.110259e-01 2.465620e-01 2.497587e-01)
(3.168124e-01 2.530758e-01 2.562771e-01)
(3.068970e-01 2.549875e-01 2.559017e-01)
(3.123570e-01 2.617478e-01 2.610074e-01)
(3.174110e-01 2.672371e-01 2.670183e-01)
(3.200261e-01 2.730974e-01 2.709321e-01)
(3.200261e-01 2.730974e-01 2.709321e-01)
(3.200261e-01 2.730974e-01 2.709321e-01)
(3.200261e-01 2.730974e-01 2.709321e-01)
(3.174110e-01 2.672371e-01 2.670183e-01)
(3.123570e-01 2.617478e-01 2.610074e-01)
(3.068970e-01 2.549875e-01 2.559017e-01)
(3.168124e-01 2.530758e-01 2.562771e-01)
(3.110259e-01 2.465620e-01 2.497587e-01)
(3.051314e-01 2.403958e-01 2.442460e-01)
(2.997979e-01 2.345655e-01 2.391664e-01)
(2.954734e-01 2.286879e-01 2.345827e-01)
(3.037328e-01 2.247046e-01 2.318089e-01)
(2.988794e-01 2.195329e-01 2.266676e-01)
(2.942706e-01 2.150682e-01 2.217842e-01)
(3.014965e-01 2.117353e-01 2.179822e-01)
(2.968103e-01 2.083467e-01 2.143632e-01)
(2.918534e-01 2.061453e-01 2.119902e-01)
(2.984119e-01 2.067865e-01 2.107064e-01)
(3.038347e-01 2.093466e-01 2.099960e-01)
(3.069926e-01 2.123815e-01 2.098718e-01)
(3.057697e-01 2.131298e-01 2.091887e-01)
(3.061383e-01 2.101412e-01 2.069169e-01)
(3.148867e-01 1.977099e-01 2.017279e-01)
(3.000712e-01 1.539048e-01 1.785104e-01)
(2.639927e-01 8.669143e-02 1.193928e-01)
(2.263703e-01 2.234850e-02 6.070825e-02)
(0.000000e+00 0.000000e+00 0.000000e+00)
(0.000000e+00 0.000000e+00 0.000000e+00)
(2.263703e-01 2.234850e-02 6.070825e-02)
(2.639927e-01 8.669143e-02 1.193928e-01)
(3.000712e-01 1.539048e-01 1.785104e-01)
(3.148867e-01 1.977099e-01 2.017279e-01)
(3.061383e-01 2.101412e-01 2.069169e-01)
(3.057697e-01 2.131298e-01 2.091887e-01)
(3.069926e-01 2.123815e-01 2.098718e-01)
(3.038347e-01 2.093466e-01 2.099960e-01)
(2.984119e-01 2.067865e-01 2.107064e-01)
(2.918534e-01 2.061453e-01 2.119902e-01)
(2.968103e-01 2.083467e-01 2.143632e-01)
(3.014965e-01 2.117353e-01 2.179822e-01)
(2.942706e-01 2.150682e-01 2.217842e-01)
(2.988794e-01 2.195329e-01 2.266676e-01)
(3.037328e-01 2.247046e-01 2.318089e-01)
(2.954734e-01 2.286879e-01 2.345827e-01)
(2.997979e-01 2.345655e-01 2.391664e-01)
(3.051314e-01 2.403958e-01 2.442460e-01)
(3.110259e-01 2.465620e-01 2.497587e-01)
(3.168124e-01 2.530758e-01 2.562771e-01)
(3.068970e-01 2.549875e-01 2.559017e-01)
(3.123570e-01 2.617478e-01 2.610074e-01)
(3.174110e-01 2.672371e-01 2.670183e-01)
(3.200261e-01 2.730974e-01 2.709321e-01)
(3.200261e-01 2.730974e-01 2.709321e-01)
(3.200261e-01 2.730974e-01 2.709321e-01)
(3.200261e-01 2.730974e-01 2.709321e-01)
(3.174110e-01 2.672371e-01 2.670183e-01)
(3.123570e-01 2.617478e-01 2.610074e-01)
(3.068970e-01 2.549875e-01 2.559017e-01)
(3.168124e-01 2.530758e-01 2.562771e-01)
(3.110259e-01 2.465620e-01 2.497587e-01)
(3.051314e-01 2.403958e-01 2.442460e-01)
(2.997979e-01 2.345655e-01 2.391664e-01)
(2.954734e-01 2.286879e-01 2.345827e-01)
(3.037328e-01 2.247046e-01 2.318089e-01)
(2.988794e-01 2.195329e-01 2.266676e-01)
(2.942706e-01 2.150682e-01 2.217842e-01)
(3.014965e-01 2.117353e-01 2.179822e-01)
(2.968103e-01 2.083467e-01 2.143632e-01)
(2.918534e-01 2.061453e-01 2.119902e-01)
(2.984119e-01 2.067865e-01 2.107064e-01)
(3.038347e-01 2.093466e-01 2.099960e-01)
(3.069926e-01 2.123815e-01 2.098718e-01)
(3.057697e-01 2.131298e-01 2.091887e-01)
(3.061383e-01 2.101412e-01 2.069169e-01)
(3.148867e-01 1.977099e-01 2.017279e-01)
(3.000712e-01 1.539048e-01 1.785104e-01)
(2.639927e-01 8.669143e-02 1.193928e-01)
(2.263703e-01 2.234850e-02 6.070825e-02)
(0.000000e+00 0.000000e+00 0.000000e+00)
)
