(
(0.000000e+00 0.000000e+00 0.000000e+00 0.000000e+00 0.000000e+00 0.000000e+00 0.000000e+00 0.000000e+00 0.000000e+00)
(2.263703e-01 2.234850e-02 6.070825e-02 3.592079e-02 3.419939e-02 1.621289e-02 3.592079e-02 3.419939e-02 1.621289e-02)
(2.639927e-01 8.669143e-02 1.193928e-01 3.279881e-02 2.769861e-02 3.165156e-02 3.279881e-02 2.769861e-02 3.165156e-02)
(3.000712e-01 1.539048e-01 1.785104e-01 2.982396e-02 2.816128e-02 4.843214e-02 2.982396e-02 2.816128e-02 4.843214e-02)
(3.148867e-01 1.977099e-01 2.017279e-01 2.805672e-02 2.781466e-02 6.331434e-02 2.805672e-02 2.781466e-02 6.331434e-02)
(3.061383e-01 2.101412e-01 2.069169e-01 2.885109e-02 2.833997e-02 7.436821e-02 2.885109e-02 2.833997e-02 7.436821e-02)
(3.057697e-01 2.131298e-01 2.091887e-01 3.145538e-02 3.006997e-02 8.261142e-02 3.145538e-02 3.006997e-02 8.261142e-02)
(3.069926e-01 2.123815e-01 2.098718e-01 3.479614e-02 3.225861e-02 9.012170e-02 3.479614e-02 3.225861e-02 9.012170e-02)
(3.038347e-01 2.093466e-01 2.099960e-01 3.797472e-02 3.499056e-02 9.732301e-02 3.797472e-02 3.499056e-02 9.732301e-02)
(2.984119e-01 2.067865e-01 2.107064e-01 4.125445e-02 3.803054e-02 1.047350e-01 4.125445e-02 3.803054e-02 1.047350e-01)
(2.918534e-01 2.061453e-01 2.119902e-01 4.512279e-02 4.065995e-02 1.132508e-01 4.512279e-02 4.065995e-02 1.132508e-01)
(2.968103e-01 2.083467e-01 2.143632e-01 4.958189e-02 4.298049e-02 1.222526e-01 4.958189e-02 4.298049e-02 1.222526e-01)
(3.014965e-01 2.117353e-01 2.179822e-01 5.400615e-02 4.627037e-02 1.309102e-01 5.400615e-02 4.627037e-02 1.309102e-01)
(2.942706e-01 2.150682e-01 2.217842e-01 5.713244e-02 5.059676e-02 1.394380e-01 5.713244e-02 5.059676e-02 1.394380e-01)
(2.988794e-01 2.195329e-01 2.266676e-01 5.991543e-02 5.612175e-02 1.456020e-01 5.991543e-02 5.612175e-02 1.456020e-01)
(3.037328e-01 2.247046e-01 2.318089e-01 6.246497e-02 6.208736e-02 1.516629e-01 6.246497e-02 6.208736e-02 1.516629e-01)
(2.954734e-01 2.286879e-01 2.345827e-01 6.525766e-02 6.879272e-02 1.590107e-01 6.525766e-02 6.879272e-02 1.590107e-01)
(2.997979e-01 2.345655e-01 2.391664e-01 6.868484e-02 7.653155e-02 1.666111e-01 6.868484e-02 7.653155e-02 1.666111e-01)
(3.051314e-01 2.403958e-01 2.442460e-01 7.219828e-02 8.576815e-02 1.727589e-01 7.219828e-02 8.576815e-02 1.727589e-01)
(3.110259e-01 2.465620e-01 2.497587e-01 7.677522e-02 9.537024e-02 1.787881e-01 7.677522e-02 9.537024e-02 1.787881e-01)
(3.168124e-01 2.530758e-01 2.562771e-01 8.206635e-02 1.061747e-01 1.895113e-01 8.206635e-02 1.061747e-01 1.895113e-01)
(3.068970e-01 2.549875e-01 2.559017e-01 8.982021e-02 1.199923e-01 2.045734e-01 8.982021e-02 1.199923e-01 2.045734e-01)
(3.123570e-01 2.617478e-01 2.610074e-01 1.014785e-01 1.355800e-01 2.208601e-01 1.014785e-01 1.355800e-01 2.208601e-01)
(3.174110e-01 2.672371e-01 2.670183e-01 1.214790e-01 1.526701e-01 2.394532e-01 1.214790e-01 1.526701e-01 2.394532e-01)
(3.200261e-01 2.730974e-01 2.709321e-01 1.537905e-01 1.718967e-01 2.526994e-01 1.537905e-01 1.718967e-01 2.526994e-01)
(3.200261e-01 2.730974e-01 2.709321e-01 1.790028e-01 1.864212e-01 2.701898e-01 1.790028e-01 1.864212e-01 2.701898e-01)
(3.200261e-01 2.730974e-01 2.709321e-01 1.790028e-01 1.864212e-01 2.701898e-01 1.790028e-01 1.864212e-01 2.701898e-01)
(3.200261e-01 2.730974e-01 2.709321e-01 1.537905e-01 1.718967e-01 2.526994e-01 1.537905e-01 1.718967e-01 2.526994e-01)
(3.174110e-01 2.672371e-01 2.670183e-01 1.214790e-01 1.526701e-01 2.394532e-01 1.214790e-01 1.526701e-01 2.394532e-01)
(3.123570e-01 2.617478e-01 2.610074e-01 1.014785e-01 1.355800e-01 2.208601e-01 1.014785e-01 1.355800e-01 2.208601e-01)
(3.068970e-01 2.549875e-01 2.559017e-01 8.982021e-02 1.199923e-01 2.045734e-01 8.982021e-02 1.199923e-01 2.045734e-01)
(3.168124e-01 2.530758e-01 2.562771e-01 8.206635e-02 1.061747e-01 1.895113e-01 8.206635e-02 1.061747e-01 1.895113e-01)
(3.110259e-01 2.465620e-01 2.497587e-01 7.677522e-02 9.537024e-02 1.787881e-01 7.677522e-02 9.537024e-02 1.787881e-01)
(3.051314e-01 2.403958e-01 2.442460e-01 7.219828e-02 8.576815e-02 1.727589e-01 7.219828e-02 8.576815e-02 1.727589e-01)
(2.997979e-01 2.345655e-01 2.391664e-01 6.868484e-02 7.653155e-02 1.666111e-01 6.868484e-02 7.653155e-02 1.666111e-01)
(2.954734e-01 2.286879e-01 2.345827e-01 6.525766e-02 6.879272e-02 1.590107e-01 6.525766e-02 6.879272e-02 1.590107e-01)
(3.037328e-01 2.247046e-01 2.318089e-01 6.246497e-02 6.208736e-02 1.516629e-01 6.246497e-02 6.208736e-02 1.516629e-01)
(2.988794e-01 2.195329e-01 2.266676e-01 5.991543e-02 5.612175e-02 1.456020e-01 5.991543e-02 5.612175e-02 1.456020e-01)
(2.942706e-01 2.150682e-01 2.217842e-01 5.713244e-02 5.059676e-02 1.394380e-01 5.713244e-02 5.059676e-02 1.394380e-01)
(3.014965e-01 2.117353e-01 2.179822e-01 5.400615e-02 4.627037e-02 1.309102e-01 5.400615e-02 4.627037e-02 1.309102e-01)
(2.968103e-01 2.083467e-01 2.143632e-01 4.958189e-02 4.298049e-02 1.222526e-01 4.958189e-02 4.298049e-02 1.222526e-01)
(2.918534e-01 2.061453e-01 2.119902e-01 4.512279e-02 4.065995e-02 1.132508e-01 4.512279e-02 4.065995e-02 1.132508e-01)
(2.984119e-01 2.067865e-01 2.107064e-01 4.125445e-02 3.803054e-02 1.047350e-01 4.125445e-02 3.803054e-02 1.047350e-01)
(3.038347e-01 2.093466e-01 2.099960e-01 3.797472e-02 3.499056e-02 9.732301e-02 3.797472e-02 3.499056e-02 9.732301e-02)
(3.069926e-01 2.123815e-01 2.098718e-01 3.479614e-02 3.225861e-02 9.012170e-02 3.479614e-02 3.225861e-02 9.012170e-02)
(3.057697e-01 2.131298e-01 2.091887e-01 3.145538e-02 3.006997e-02 8.261142e-02 3.145538e-02 3.006997e-02 8.261142e-02)
(3.061383e-01 2.101412e-01 2.069169e-01 2.885109e-02 2.833997e-02 7.436821e-02 2.885109e-02 2.833997e-02 7.436821e-02)
(3.148867e-01 1.977099e-01 2.017279e-01 2.805672e-02 2.781466e-02 6.331434e-02 2.805672e-02 2.781466e-02 6.331434e-02)
(3.000712e-01 1.539048e-01 1.785104e-01 2.982396e-02 2.816128e-02 4.843214e-02 2.982396e-02 2.816128e-02 4.843214e-02)
(2.639927e-01 8.669143e-02 1.193928e-01 3.279881e-02 2.769861e-02 3.165156e-02 3.279881e-02 2.769861e-02 3.165156e-02)
(2.263703e-01 2.234850e-02 6.070825e-02 3.592079e-02 3.419939e-02 1.621289e-02 3.592079e-02 3.419939e-02 1.621289e-02)
(0.000000e+00 0.000000e+00 0.000000e+00 0.000000e+00 0.000000e+00 0.000000e+00 0.000000e+00 0.000000e+00 0.000000e+00)
(0.000000e+00 0.000000e+00 0.000000e+00 0.000000e+00 0.000000e+00 0.000000e+00 0.000000e+00 0.000000e+00 0.000000e+00)
(2.263703e-01 2.234850e-02 6.070825e-02 3.592079e-02 3.419939e-02 1.621289e-02 3.592079e-02 3.419939e-02 1.621289e-02)
(2.639927e-01 8.669143e-02 1.193928e-01 3.279881e-02 2.769861e-02 3.165156e-02 3.279881e-02 2.769861e-02 3.165156e-02)
(3.000712e-01 1.539048e-01 1.785104e-01 2.982396e-02 2.816128e-02 4.843214e-02 2.982396e-02 2.816128e-02 4.843214e-02)
(3.148867e-01 1.977099e-01 2.017279e-01 2.805672e-02 2.781466e-02 6.331434e-02 2.805672e-02 2.781466e-02 6.331434e-02)
(3.061383e-01 2.101412e-01 2.069169e-01 2.885109e-02 2.833997e-02 7.436821e-02 2.885109e-02 2.833997e-02 7.436821e-02)
(3.057697e-01 2.131298e-01 2.091887e-01 3.145538e-02 3.006997e-02 8.261142e-02 3.145538e-02 3.006997e-02 8.261142e-02)
(3.069926e-01 2.123815e-01 2.098718e-01 3.479614e-02 3.225861e-02 9.012170e-02 3.479614e-02 3.225861e-02 9.012170e-02)
(3.038347e-01 2.093466e-01 2.099960e-01 3.797472e-02 3.499056e-02 9.732301e-02 3.797472e-02 3.499056e-02 9.732301e-02)
(2.984119e-01 2.067865e-01 2.107064e-01 4.125445e-02 3.803054e-02 1.047350e-01 4.125445e-02 3.803054e-02 1.047350e-01)
(2.918534e-01 2.061453e-01 2.119902e-01 4.512279e-02 4.065995e-02 1.132508e-01 4.512279e-02 4.065995e-02 1.132508e-01)
(2.968103e-01 2.083467e-01 2.143632e-01 4.958189e-02 4.298049e-02 1.222526e-01 4.958189e-02 4.298049e-02 1.222526e-01)
(3.014965e-01 2.117353e-01 2.179822e-01 5.400615e-02 4.627037e-02 1.309102e-01 5.400615e-02 4.627037e-02 1.309102e-01)
(2.942706e-01 2.150682e-01 2.217842e-01 5.713244e-02 5.059676e-02 1.394380e-01 5.713244e-02 5.059676e-02 1.394380e-01)
(2.988794e-01 2.195329e-01 2.266676e-01 5.991543e-02 5.612175e-02 1.456020e-01 5.991543e-02 5.612175e-02 1.456020e-01)
(3.037328e-01 2.247046e-01 2.318089e-01 6.246497e-02 6.208736e-02 1.516629e-01 6.246497e-02 6.208736e-02 1.516629e-01)
(2.954734e-01 2.286879e-01 2.345827e-01 6.525766e-02 6.879272e-02 1.590107e-01 6.525766e-02 6.879272e-02 1.590107e-01)
(2.997979e-01 2.345655e-01 2.391664e-01 6.868484e-02 7.653155e-02 1.666111e-01 6.868484e-02 7.653155e-02 1.666111e-01)
(3.051314e-01 2.403958e-01 2.442460e-01 7.219828e-02 8.576815e-02 1.727589e-01 7.219828e-02 8.576815e-02 1.727589e-01)
(3.110259e-01 2.465620e-01 2.497587e-01 7.677522e-02 9.537024e-02 1.787881e-01 7.677522e-02 9.537024e-02 1.787881e-01)
(3.168124e-01 2.530758e-01 2.562771e-01 8.206635e-02 1.061747e-01 1.895113e-01 8.206635e-02 1.061747e-01 1.895113e-01)
(3.068970e-01 2.549875e-01 2.559017e-01 8.982021e-02 1.199923e-01 2.045734e-01 8.982021e-02 1.199923e-01 2.045734e-01)
(3.123570e-01 2.617478e-01 2.610074e-01 1.014785e-01 1.355800e-01 2.208601e-01 1.014785e-01 1.355800e-01 2.208601e-01)
(3.174110e-01 2.672371e-01 2.670183e-01 1.214790e-01 1.526701e-01 2.394532e-01 1.214790e-01 1.526701e-01 2.394532e-01)
(3.200261e-01 2.730974e-01 2.709321e-01 1.537905e-01 1.718967e-01 2.526994e-01 1.537905e-01 1.718967e-01 2.526994e-01)
(3.200261e-01 2.730974e-01 2.709321e-01 1.790028e-01 1.864212e-01 2.701898e-01 1.790028e-01 1.864212e-01 2.701898e-01)
(3.200261e-01 2.730974e-01 2.709321e-01 1.790028e-01 1.864212e-01 2.701898e-01 1.790028e-01 1.864212e-01 2.701898e-01)
(3.200261e-01 2.730974e-01 2.709321e-01 1.537905e-01 1.718967e-01 2.526994e-01 1.537905e-01 1.718967e-01 2.526994e-01)
(3.174110e-01 2.672371e-01 2.670183e-01 1.214790e-01 1.526701e-01 2.394532e-01 1.214790e-01 1.526701e-01 2.394532e-01)
(3.123570e-01 2.617478e-01 2.610074e-01 1.014785e-01 1.355800e-01 2.208601e-01 1.014785e-01 1.355800e-01 2.208601e-01)
(3.068970e-01 2.549875e-01 2.559017e-01 8.982021e-02 1.199923e-01 2.045734e-01 8.982021e-02 1.199923e-01 2.045734e-01)
(3.168124e-01 2.530758e-01 2.562771e-01 8.206635e-02 1.061747e-01 1.895113e-01 8.206635e-02 1.061747e-01 1.895113e-01)
(3.110259e-01 2.465620e-01 2.497587e-01 7.677522e-02 9.537024e-02 1.787881e-01 7.677522e-02 9.537024e-02 1.787881e-01)
(3.051314e-01 2.403958e-01 2.442460e-01 7.219828e-02 8.576815e-02 1.727589e-01 7.219828e-02 8.576815e-02 1.727589e-01)
(2.997979e-01 2.345655e-01 2.391664e-01 6.868484e-02 7.653155e-02 1.666111e-01 6.868484e-02 7.653155e-02 1.666111e-01)
(2.954734e-01 2.286879e-01 2.345827e-01 6.525766e-02 6.879272e-02 1.590107e-01 6.525766e-02 6.879272e-02 1.590107e-01)
(3.037328e-01 2.247046e-01 2.318089e-01 6.246497e-02 6.208736e-02 1.516629e-01 6.246497e-02 6.208736e-02 1.516629e-01)
(2.988794e-01 2.195329e-01 2.266676e-01 5.991543e-02 5.612175e-02 1.456020e-01 5.991543e-02 5.612175e-02 1.456020e-01)
(2.942706e-01 2.150682e-01 2.217842e-01 5.713244e-02 5.059676e-02 1.394380e-01 5.713244e-02 5.059676e-02 1.394380e-01)
(3.014965e-01 2.117353e-01 2.179822e-01 5.400615e-02 4.627037e-02 1.309102e-01 5.400615e-02 4.627037e-02 1.309102e-01)
(2.968103e-01 2.083467e-01 2.143632e-01 4.958189e-02 4.298049e-02 1.222526e-01 4.958189e-02 4.298049e-02 1.222526e-01)
(2.918534e-01 2.061453e-01 2.119902e-01 4.512279e-02 4.065995e-02 1.132508e-01 4.512279e-02 4.065995e-02 1.132508e-01)
(2.984119e-01 2.067865e-01 2.107064e-01 4.125445e-02 3.803054e-02 1.047350e-01 4.125445e-02 3.803054e-02 1.047350e-01)
(3.038347e-01 2.093466e-01 2.099960e-01 3.797472e-02 3.499056e-02 9.732301e-02 3.797472e-02 3.499056e-02 9.732301e-02)
(3.069926e-01 2.123815e-01 2.098718e-01 3.479614e-02 3.225861e-02 9.012170e-02 3.479614e-02 3.225861e-02 9.012170e-02)
(3.057697e-01 2.131298e-01 2.091887e-01 3.145538e-02 3.006997e-02 8.261142e-02 3.145538e-02 3.006997e-02 8.261142e-02)
(3.061383e-01 2.101412e-01 2.069169e-01 2.885109e-02 2.833997e-02 7.436821e-02 2.885109e-02 2.833997e-02 7.436821e-02)
(3.148867e-01 1.977099e-01 2.017279e-01 2.805672e-02 2.781466e-02 6.331434e-02 2.805672e-02 2.781466e-02 6.331434e-02)
(3.000712e-01 1.539048e-01 1.785104e-01 2.982396e-02 2.816128e-02 4.843214e-02 2.982396e-02 2.816128e-02 4.843214e-02)
(2.639927e-01 8.669143e-02 1.193928e-01 3.279881e-02 2.769861e-02 3.165156e-02 3.279881e-02 2.769861e-02 3.165156e-02)
(2.263703e-01 2.234850e-02 6.070825e-02 3.592079e-02 3.419939e-02 1.621289e-02 3.592079e-02 3.419939e-02 1.621289e-02)
(0.000000e+00 0.000000e+00 0.000000e+00 0.000000e+00 0.000000e+00 0.000000e+00 0.000000e+00 0.000000e+00 0.000000e+00)
)
