(
(0 0.000000 0)
(0 0.004800 0)
(0 0.014898 0)
(0 0.026045 0)
(0 0.038349 0)
(0 0.051930 0)
(0 0.066921 0)
(0 0.083468 0)
(0 0.101734 0)
(0 0.121895 0)
(0 0.144149 0)
(0 0.168714 0)
(0 0.195829 0)
(0 0.225758 0)
(0 0.258795 0)
(0 0.295262 0)
(0 0.335514 0)
(0 0.379945 0)
(0 0.428988 0)
(0 0.483123 0)
(0 0.542878 0)
(0 0.608836 0)
(0 0.681641 0)
(0 0.762005 0)
(0 0.850711 0)
(0 0.948626 0)
(0 1.051374 0)
(0 1.149289 0)
(0 1.237995 0)
(0 1.318359 0)
(0 1.391164 0)
(0 1.457122 0)
(0 1.516877 0)
(0 1.571012 0)
(0 1.620055 0)
(0 1.664486 0)
(0 1.704738 0)
(0 1.741205 0)
(0 1.774242 0)
(0 1.804171 0)
(0 1.831286 0)
(0 1.855851 0)
(0 1.878105 0)
(0 1.898266 0)
(0 1.916532 0)
(0 1.933079 0)
(0 1.948070 0)
(0 1.961651 0)
(0 1.973955 0)
(0 1.985102 0)
(0 1.995200 0)
(0 2.000000 0)
(0 0.000000 2)
(0 0.004800 2)
(0 0.014898 2)
(0 0.026045 2)
(0 0.038349 2)
(0 0.051930 2)
(0 0.066921 2)
(0 0.083468 2)
(0 0.101734 2)
(0 0.121895 2)
(0 0.144149 2)
(0 0.168714 2)
(0 0.195829 2)
(0 0.225758 2)
(0 0.258795 2)
(0 0.295262 2)
(0 0.335514 2)
(0 0.379945 2)
(0 0.428988 2)
(0 0.483123 2)
(0 0.542878 2)
(0 0.608836 2)
(0 0.681641 2)
(0 0.762005 2)
(0 0.850711 2)
(0 0.948626 2)
(0 1.051374 2)
(0 1.149289 2)
(0 1.237995 2)
(0 1.318359 2)
(0 1.391164 2)
(0 1.457122 2)
(0 1.516877 2)
(0 1.571012 2)
(0 1.620055 2)
(0 1.664486 2)
(0 1.704738 2)
(0 1.741205 2)
(0 1.774242 2)
(0 1.804171 2)
(0 1.831286 2)
(0 1.855851 2)
(0 1.878105 2)
(0 1.898266 2)
(0 1.916532 2)
(0 1.933079 2)
(0 1.948070 2)
(0 1.961651 2)
(0 1.973955 2)
(0 1.985102 2)
(0 1.995200 2)
(0 2.000000 2)
)
