(
(0.000000e+00 0.000000e+00 0.000000e+00 0.000000e+00 0.000000e+00 0.000000e+00)
(2.008841e-05 -4.632070e-08 7.313880e-09 1.390465e-08 -1.112400e-10 2.885412e-06)
(1.804079e-04 -2.260410e-06 -1.844580e-08 2.465659e-07 -1.812640e-09 1.440058e-05)
(4.126464e-04 -9.749600e-06 -6.787980e-08 1.128226e-06 -1.261390e-09 2.780463e-05)
(5.480515e-04 -1.954730e-05 -3.322370e-08 3.098128e-06 8.732440e-09 3.996124e-05)
(5.612540e-04 -2.724060e-05 3.934070e-08 6.175623e-06 1.561590e-08 4.881076e-05)
(5.132354e-04 -3.215920e-05 8.953370e-08 1.008444e-05 1.311780e-08 5.419522e-05)
(4.478768e-04 -3.505930e-05 9.368230e-08 1.439550e-05 5.310160e-09 5.703754e-05)
(3.839405e-04 -3.660810e-05 1.111810e-07 1.864573e-05 1.759440e-08 5.807949e-05)
(3.278888e-04 -3.724560e-05 1.497020e-07 2.245575e-05 2.690540e-08 5.778098e-05)
(2.810686e-04 -3.723590e-05 1.587940e-07 2.557679e-05 2.291150e-08 5.649011e-05)
(2.426554e-04 -3.674570e-05 1.147500e-07 2.790459e-05 1.974560e-08 5.455181e-05)
(2.111587e-04 -3.588900e-05 -1.061910e-08 2.945602e-05 2.893890e-09 5.221435e-05)
(1.851368e-04 -3.471200e-05 -1.864130e-07 3.030514e-05 -2.938410e-09 4.965415e-05)
(1.633182e-04 -3.332580e-05 -2.303300e-07 3.057294e-05 -5.554430e-09 4.706193e-05)
(1.446463e-04 -3.175070e-05 -1.225530e-07 3.028972e-05 -2.841100e-08 4.447729e-05)
(1.283825e-04 -3.000780e-05 -2.733260e-08 2.957380e-05 -2.613910e-08 4.186530e-05)
(1.143210e-04 -2.807370e-05 -1.291630e-08 2.845156e-05 -1.721170e-08 3.910551e-05)
(1.014190e-04 -2.586910e-05 -1.313200e-07 2.698460e-05 -2.407360e-08 3.623221e-05)
(8.940156e-05 -2.348260e-05 -1.728930e-07 2.526228e-05 -1.611290e-08 3.309551e-05)
(7.805157e-05 -2.083270e-05 -1.894310e-07 2.324493e-05 2.914380e-08 2.946861e-05)
(6.680872e-05 -1.795590e-05 -2.557970e-07 2.100572e-05 2.097660e-08 2.549563e-05)
(5.569338e-05 -1.470390e-05 -1.855110e-07 1.853156e-05 -4.379650e-08 2.152218e-05)
(4.544782e-05 -1.098540e-05 -2.769340e-07 1.608916e-05 -2.425650e-08 1.788030e-05)
(3.650746e-05 -7.002280e-06 -2.625890e-07 1.407915e-05 -2.021120e-08 1.464868e-05)
(3.054894e-05 -2.467850e-06 -9.612700e-08 1.278606e-05 -9.657140e-11 1.258674e-05)
(3.054894e-05 -2.467850e-06 -9.612700e-08 1.278606e-05 -9.657140e-11 1.258674e-05)
(3.650746e-05 -7.002280e-06 -2.625890e-07 1.407915e-05 -2.021120e-08 1.464868e-05)
(4.544782e-05 -1.098540e-05 -2.769340e-07 1.608916e-05 -2.425650e-08 1.788030e-05)
(5.569338e-05 -1.470390e-05 -1.855110e-07 1.853156e-05 -4.379650e-08 2.152218e-05)
(6.680872e-05 -1.795590e-05 -2.557970e-07 2.100572e-05 2.097660e-08 2.549563e-05)
(7.805157e-05 -2.083270e-05 -1.894310e-07 2.324493e-05 2.914380e-08 2.946861e-05)
(8.940156e-05 -2.348260e-05 -1.728930e-07 2.526228e-05 -1.611290e-08 3.309551e-05)
(1.014190e-04 -2.586910e-05 -1.313200e-07 2.698460e-05 -2.407360e-08 3.623221e-05)
(1.143210e-04 -2.807370e-05 -1.291630e-08 2.845156e-05 -1.721170e-08 3.910551e-05)
(1.283825e-04 -3.000780e-05 -2.733260e-08 2.957380e-05 -2.613910e-08 4.186530e-05)
(1.446463e-04 -3.175070e-05 -1.225530e-07 3.028972e-05 -2.841100e-08 4.447729e-05)
(1.633182e-04 -3.332580e-05 -2.303300e-07 3.057294e-05 -5.554430e-09 4.706193e-05)
(1.851368e-04 -3.471200e-05 -1.864130e-07 3.030514e-05 -2.938410e-09 4.965415e-05)
(2.111587e-04 -3.588900e-05 -1.061910e-08 2.945602e-05 2.893890e-09 5.221435e-05)
(2.426554e-04 -3.674570e-05 1.147500e-07 2.790459e-05 1.974560e-08 5.455181e-05)
(2.810686e-04 -3.723590e-05 1.587940e-07 2.557679e-05 2.291150e-08 5.649011e-05)
(3.278888e-04 -3.724560e-05 1.497020e-07 2.245575e-05 2.690540e-08 5.778098e-05)
(3.839405e-04 -3.660810e-05 1.111810e-07 1.864573e-05 1.759440e-08 5.807949e-05)
(4.478768e-04 -3.505930e-05 9.368230e-08 1.439550e-05 5.310160e-09 5.703754e-05)
(5.132354e-04 -3.215920e-05 8.953370e-08 1.008444e-05 1.311780e-08 5.419522e-05)
(5.612540e-04 -2.724060e-05 3.934070e-08 6.175623e-06 1.561590e-08 4.881076e-05)
(5.480515e-04 -1.954730e-05 -3.322370e-08 3.098128e-06 8.732440e-09 3.996124e-05)
(4.126464e-04 -9.749600e-06 -6.787980e-08 1.128226e-06 -1.261390e-09 2.780463e-05)
(1.804079e-04 -2.260410e-06 -1.844580e-08 2.465659e-07 -1.812640e-09 1.440058e-05)
(2.008841e-05 -4.632070e-08 7.313880e-09 1.390465e-08 -1.112400e-10 2.885412e-06)
(0.000000e+00 0.000000e+00 0.000000e+00 0.000000e+00 0.000000e+00 0.000000e+00)
(0.000000e+00 0.000000e+00 0.000000e+00 0.000000e+00 0.000000e+00 0.000000e+00)
(2.008841e-05 -4.632070e-08 7.313880e-09 1.390465e-08 -1.112400e-10 2.885412e-06)
(1.804079e-04 -2.260410e-06 -1.844580e-08 2.465659e-07 -1.812640e-09 1.440058e-05)
(4.126464e-04 -9.749600e-06 -6.787980e-08 1.128226e-06 -1.261390e-09 2.780463e-05)
(5.480515e-04 -1.954730e-05 -3.322370e-08 3.098128e-06 8.732440e-09 3.996124e-05)
(5.612540e-04 -2.724060e-05 3.934070e-08 6.175623e-06 1.561590e-08 4.881076e-05)
(5.132354e-04 -3.215920e-05 8.953370e-08 1.008444e-05 1.311780e-08 5.419522e-05)
(4.478768e-04 -3.505930e-05 9.368230e-08 1.439550e-05 5.310160e-09 5.703754e-05)
(3.839405e-04 -3.660810e-05 1.111810e-07 1.864573e-05 1.759440e-08 5.807949e-05)
(3.278888e-04 -3.724560e-05 1.497020e-07 2.245575e-05 2.690540e-08 5.778098e-05)
(2.810686e-04 -3.723590e-05 1.587940e-07 2.557679e-05 2.291150e-08 5.649011e-05)
(2.426554e-04 -3.674570e-05 1.147500e-07 2.790459e-05 1.974560e-08 5.455181e-05)
(2.111587e-04 -3.588900e-05 -1.061910e-08 2.945602e-05 2.893890e-09 5.221435e-05)
(1.851368e-04 -3.471200e-05 -1.864130e-07 3.030514e-05 -2.938410e-09 4.965415e-05)
(1.633182e-04 -3.332580e-05 -2.303300e-07 3.057294e-05 -5.554430e-09 4.706193e-05)
(1.446463e-04 -3.175070e-05 -1.225530e-07 3.028972e-05 -2.841100e-08 4.447729e-05)
(1.283825e-04 -3.000780e-05 -2.733260e-08 2.957380e-05 -2.613910e-08 4.186530e-05)
(1.143210e-04 -2.807370e-05 -1.291630e-08 2.845156e-05 -1.721170e-08 3.910551e-05)
(1.014190e-04 -2.586910e-05 -1.313200e-07 2.698460e-05 -2.407360e-08 3.623221e-05)
(8.940156e-05 -2.348260e-05 -1.728930e-07 2.526228e-05 -1.611290e-08 3.309551e-05)
(7.805157e-05 -2.083270e-05 -1.894310e-07 2.324493e-05 2.914380e-08 2.946861e-05)
(6.680872e-05 -1.795590e-05 -2.557970e-07 2.100572e-05 2.097660e-08 2.549563e-05)
(5.569338e-05 -1.470390e-05 -1.855110e-07 1.853156e-05 -4.379650e-08 2.152218e-05)
(4.544782e-05 -1.098540e-05 -2.769340e-07 1.608916e-05 -2.425650e-08 1.788030e-05)
(3.650746e-05 -7.002280e-06 -2.625890e-07 1.407915e-05 -2.021120e-08 1.464868e-05)
(3.054894e-05 -2.467850e-06 -9.612700e-08 1.278606e-05 -9.657140e-11 1.258674e-05)
(3.054894e-05 -2.467850e-06 -9.612700e-08 1.278606e-05 -9.657140e-11 1.258674e-05)
(3.650746e-05 -7.002280e-06 -2.625890e-07 1.407915e-05 -2.021120e-08 1.464868e-05)
(4.544782e-05 -1.098540e-05 -2.769340e-07 1.608916e-05 -2.425650e-08 1.788030e-05)
(5.569338e-05 -1.470390e-05 -1.855110e-07 1.853156e-05 -4.379650e-08 2.152218e-05)
(6.680872e-05 -1.795590e-05 -2.557970e-07 2.100572e-05 2.097660e-08 2.549563e-05)
(7.805157e-05 -2.083270e-05 -1.894310e-07 2.324493e-05 2.914380e-08 2.946861e-05)
(8.940156e-05 -2.348260e-05 -1.728930e-07 2.526228e-05 -1.611290e-08 3.309551e-05)
(1.014190e-04 -2.586910e-05 -1.313200e-07 2.698460e-05 -2.407360e-08 3.623221e-05)
(1.143210e-04 -2.807370e-05 -1.291630e-08 2.845156e-05 -1.721170e-08 3.910551e-05)
(1.283825e-04 -3.000780e-05 -2.733260e-08 2.957380e-05 -2.613910e-08 4.186530e-05)
(1.446463e-04 -3.175070e-05 -1.225530e-07 3.028972e-05 -2.841100e-08 4.447729e-05)
(1.633182e-04 -3.332580e-05 -2.303300e-07 3.057294e-05 -5.554430e-09 4.706193e-05)
(1.851368e-04 -3.471200e-05 -1.864130e-07 3.030514e-05 -2.938410e-09 4.965415e-05)
(2.111587e-04 -3.588900e-05 -1.061910e-08 2.945602e-05 2.893890e-09 5.221435e-05)
(2.426554e-04 -3.674570e-05 1.147500e-07 2.790459e-05 1.974560e-08 5.455181e-05)
(2.810686e-04 -3.723590e-05 1.587940e-07 2.557679e-05 2.291150e-08 5.649011e-05)
(3.278888e-04 -3.724560e-05 1.497020e-07 2.245575e-05 2.690540e-08 5.778098e-05)
(3.839405e-04 -3.660810e-05 1.111810e-07 1.864573e-05 1.759440e-08 5.807949e-05)
(4.478768e-04 -3.505930e-05 9.368230e-08 1.439550e-05 5.310160e-09 5.703754e-05)
(5.132354e-04 -3.215920e-05 8.953370e-08 1.008444e-05 1.311780e-08 5.419522e-05)
(5.612540e-04 -2.724060e-05 3.934070e-08 6.175623e-06 1.561590e-08 4.881076e-05)
(5.480515e-04 -1.954730e-05 -3.322370e-08 3.098128e-06 8.732440e-09 3.996124e-05)
(4.126464e-04 -9.749600e-06 -6.787980e-08 1.128226e-06 -1.261390e-09 2.780463e-05)
(1.804079e-04 -2.260410e-06 -1.844580e-08 2.465659e-07 -1.812640e-09 1.440058e-05)
(2.008841e-05 -4.632070e-08 7.313880e-09 1.390465e-08 -1.112400e-10 2.885412e-06)
(0.000000e+00 0.000000e+00 0.000000e+00 0.000000e+00 0.000000e+00 0.000000e+00)
)
