(
0.000000
0.011091
0.033766
0.055633
0.073769
0.087352
0.097273
0.104642
0.110285
0.114764
0.118455
0.121619
0.124433
0.127007
0.129429
0.131755
0.134021
0.136233
0.138440
0.140619
0.142776
0.144892
0.146875
0.148634
0.150064
0.150943
0.150943
0.150064
0.148634
0.146875
0.144892
0.142776
0.140619
0.138440
0.136233
0.134021
0.131755
0.129429
0.127007
0.124433
0.121619
0.118455
0.114764
0.110285
0.104642
0.097273
0.087352
0.073769
0.055633
0.033766
0.011091
0.000000
0.000000
0.011091
0.033766
0.055633
0.073769
0.087352
0.097273
0.104642
0.110285
0.114764
0.118455
0.121619
0.124433
0.127007
0.129429
0.131755
0.134021
0.136233
0.138440
0.140619
0.142776
0.144892
0.146875
0.148634
0.150064
0.150943
0.150943
0.150064
0.148634
0.146875
0.144892
0.142776
0.140619
0.138440
0.136233
0.134021
0.131755
0.129429
0.127007
0.124433
0.121619
0.118455
0.114764
0.110285
0.104642
0.097273
0.087352
0.073769
0.055633
0.033766
0.011091
0.000000

)
